photo_id|owner_id|page_id|camera|camera_type|filename|data
3191675028|70202166@N00|5680|Nikon D3|Nikon|70202166@N00_Nikon_642df163.json|"{""id"": ""3191675028"", ""owner"": ""70202166@N00"", ""title"": ""DSC_1488"", ""realname"": """", ""ownername"": ""黑麵之路‧不由分說"", ""datetaken"": ""2009-01-10 16:07:31"", ""max_width"": 4256, ""max_height"": 2832, ""url_max"": ""https://live.staticflickr.com/3510/3191675028_35bf8d2373_o.jpg"", ""max_width_2000"": 1363, ""max_height_2000"": 2048, ""url_max_2000"": ""https://live.staticflickr.com/3510/3191675028_41496882c6_k.jpg"", ""flickr_page"": ""https://www.flickr.com/photos/70202166@N00/3191675028"", ""camera"": ""Nikon D3"", ""create_date"": ""2009:01:10 16:07:31"", ""lens_model"": """", ""iso"": ""800"", ""exposure_time"": ""1/125"", ""exposure_program"": ""Manual"", ""exposure_compensation"": ""-1/3"", ""aperture"": ""4.0"", ""focal_length"": ""25.0 mm"", ""focal_length_in35mm"": ""25 mm"", ""white_balance"": ""Manual"", ""metering_mode"": ""Multi-segment"", ""flash"": ""On, Return not detected"", ""pageid"": ""5680""}"
3191719706|70202166@N00|5680|Nikon D3|Nikon|70202166@N00_Nikon_642df163.json|"{""id"": ""3191719706"", ""owner"": ""70202166@N00"", ""title"": ""DSC_1495"", ""realname"": """", ""ownername"": ""黑麵之路‧不由分說"", ""datetaken"": ""2009-01-10 16:07:51"", ""max_width"": 4256, ""max_height"": 2832, ""url_max"": ""https://live.staticflickr.com/3101/3191719706_0e8ce7fd44_o.jpg"", ""max_width_2000"": 1363, ""max_height_2000"": 2048, ""url_max_2000"": ""https://live.staticflickr.com/3101/3191719706_4b091eff1f_k.jpg"", ""flickr_page"": ""https://www.flickr.com/photos/70202166@N00/3191719706"", ""camera"": ""Nikon D3"", ""create_date"": ""2009:01:10 16:07:51"", ""lens_model"": """", ""iso"": ""800"", ""exposure_time"": ""1/125"", ""exposure_program"": ""Manual"", ""exposure_compensation"": ""-1/3"", ""aperture"": ""4.0"", ""focal_length"": ""26.0 mm"", ""focal_length_in35mm"": ""26 mm"", ""white_balance"": ""Manual"", ""metering_mode"": ""Multi-segment"", ""flash"": ""On, Return not detected"", ""pageid"": ""5680""}"
3191694352|70202166@N00|5680|Nikon D3|Nikon|70202166@N00_Nikon_642df163.json|"{""id"": ""3191694352"", ""owner"": ""70202166@N00"", ""title"": ""DSC_1491"", ""realname"": """", ""ownername"": ""黑麵之路‧不由分說"", ""datetaken"": ""2009-01-10 16:07:39"", ""max_width"": 4256, ""max_height"": 2832, ""url_max"": ""https://live.staticflickr.com/3268/3191694352_3771b304c3_o.jpg"", ""max_width_2000"": 1363, ""max_height_2000"": 2048, ""url_max_2000"": ""https://live.staticflickr.com/3268/3191694352_808fdfd2ae_k.jpg"", ""flickr_page"": ""https://www.flickr.com/photos/70202166@N00/3191694352"", ""camera"": ""Nikon D3"", ""create_date"": ""2009:01:10 16:07:39"", ""lens_model"": """", ""iso"": ""800"", ""exposure_time"": ""1/125"", ""exposure_program"": ""Manual"", ""exposure_compensation"": ""-1/3"", ""aperture"": ""4.0"", ""focal_length"": ""26.0 mm"", ""focal_length_in35mm"": ""26 mm"", ""white_balance"": ""Manual"", ""metering_mode"": ""Multi-segment"", ""flash"": ""On, Return not detected"", ""pageid"": ""5680""}"
3191751332|70202166@N00|5680|Nikon D3|Nikon|70202166@N00_Nikon_642df163.json|"{""id"": ""3191751332"", ""owner"": ""70202166@N00"", ""title"": ""DSC_1501"", ""realname"": """", ""ownername"": ""黑麵之路‧不由分說"", ""datetaken"": ""2009-01-10 16:08:50"", ""max_width"": 4256, ""max_height"": 2832, ""url_max"": ""https://live.staticflickr.com/3116/3191751332_f34d3c980b_o.jpg"", ""max_width_2000"": 1363, ""max_height_2000"": 2048, ""url_max_2000"": ""https://live.staticflickr.com/3116/3191751332_42a13d1fa1_k.jpg"", ""flickr_page"": ""https://www.flickr.com/photos/70202166@N00/3191751332"", ""camera"": ""Nikon D3"", ""create_date"": ""2009:01:10 16:08:50"", ""lens_model"": """", ""iso"": ""800"", ""exposure_time"": ""1/100"", ""exposure_program"": ""Manual"", ""exposure_compensation"": ""-1/3"", ""aperture"": ""4.0"", ""focal_length"": ""25.0 mm"", ""focal_length_in35mm"": ""25 mm"", ""white_balance"": ""Manual"", ""metering_mode"": ""Multi-segment"", ""flash"": ""On, Return not detected"", ""pageid"": ""5680""}"
3191738452|70202166@N00|5680|Nikon D3|Nikon|70202166@N00_Nikon_642df163.json|"{""id"": ""3191738452"", ""owner"": ""70202166@N00"", ""title"": ""DSC_1498"", ""realname"": """", ""ownername"": ""黑麵之路‧不由分說"", ""datetaken"": ""2009-01-10 16:08:36"", ""max_width"": 4256, ""max_height"": 2832, ""url_max"": ""https://live.staticflickr.com/3420/3191738452_55ee30caab_o.jpg"", ""max_width_2000"": 1363, ""max_height_2000"": 2048, ""url_max_2000"": ""https://live.staticflickr.com/3420/3191738452_43c744b8d1_k.jpg"", ""flickr_page"": ""https://www.flickr.com/photos/70202166@N00/3191738452"", ""camera"": ""Nikon D3"", ""create_date"": ""2009:01:10 16:08:36"", ""lens_model"": """", ""iso"": ""800"", ""exposure_time"": ""1/125"", ""exposure_program"": ""Manual"", ""exposure_compensation"": ""-1/3"", ""aperture"": ""4.0"", ""focal_length"": ""35.0 mm"", ""focal_length_in35mm"": ""35 mm"", ""white_balance"": ""Manual"", ""metering_mode"": ""Multi-segment"", ""flash"": ""On, Return not detected"", ""pageid"": ""5680""}"
3191725828|70202166@N00|5680|Nikon D3|Nikon|70202166@N00_Nikon_642df163.json|"{""id"": ""3191725828"", ""owner"": ""70202166@N00"", ""title"": ""DSC_1496"", ""realname"": """", ""ownername"": ""黑麵之路‧不由分說"", ""datetaken"": ""2009-01-10 16:07:53"", ""max_width"": 4256, ""max_height"": 2832, ""url_max"": ""https://live.staticflickr.com/3463/3191725828_bde4cb688a_o.jpg"", ""max_width_2000"": 1363, ""max_height_2000"": 2048, ""url_max_2000"": ""https://live.staticflickr.com/3463/3191725828_5b84bf9a74_k.jpg"", ""flickr_page"": ""https://www.flickr.com/photos/70202166@N00/3191725828"", ""camera"": ""Nikon D3"", ""create_date"": ""2009:01:10 16:07:53"", ""lens_model"": """", ""iso"": ""800"", ""exposure_time"": ""1/125"", ""exposure_program"": ""Manual"", ""exposure_compensation"": ""-1/3"", ""aperture"": ""4.0"", ""focal_length"": ""26.0 mm"", ""focal_length_in35mm"": ""26 mm"", ""white_balance"": ""Manual"", ""metering_mode"": ""Multi-segment"", ""flash"": ""On, Return not detected"", ""pageid"": ""5680""}"
3191744692|70202166@N00|5680|Nikon D3|Nikon|70202166@N00_Nikon_642df163.json|"{""id"": ""3191744692"", ""owner"": ""70202166@N00"", ""title"": ""DSC_1500"", ""realname"": """", ""ownername"": ""黑麵之路‧不由分說"", ""datetaken"": ""2009-01-10 16:08:48"", ""max_width"": 4256, ""max_height"": 2832, ""url_max"": ""https://live.staticflickr.com/3088/3191744692_34cb746c29_o.jpg"", ""max_width_2000"": 1363, ""max_height_2000"": 2048, ""url_max_2000"": ""https://live.staticflickr.com/3088/3191744692_ad53740a0d_k.jpg"", ""flickr_page"": ""https://www.flickr.com/photos/70202166@N00/3191744692"", ""camera"": ""Nikon D3"", ""create_date"": ""2009:01:10 16:08:48"", ""lens_model"": """", ""iso"": ""800"", ""exposure_time"": ""1/100"", ""exposure_program"": ""Manual"", ""exposure_compensation"": ""-1/3"", ""aperture"": ""4.0"", ""focal_length"": ""25.0 mm"", ""focal_length_in35mm"": ""25 mm"", ""white_balance"": ""Manual"", ""metering_mode"": ""Multi-segment"", ""flash"": ""On, Return not detected"", ""pageid"": ""5680""}"
3191757972|70202166@N00|5680|Nikon D3|Nikon|70202166@N00_Nikon_642df163.json|"{""id"": ""3191757972"", ""owner"": ""70202166@N00"", ""title"": ""DSC_1503"", ""realname"": """", ""ownername"": ""黑麵之路‧不由分說"", ""datetaken"": ""2009-01-10 16:08:57"", ""max_width"": 4256, ""max_height"": 2832, ""url_max"": ""https://live.staticflickr.com/3330/3191757972_8f4d424c74_o.jpg"", ""max_width_2000"": 1363, ""max_height_2000"": 2048, ""url_max_2000"": ""https://live.staticflickr.com/3330/3191757972_f697a79d2a_k.jpg"", ""flickr_page"": ""https://www.flickr.com/photos/70202166@N00/3191757972"", ""camera"": ""Nikon D3"", ""create_date"": ""2009:01:10 16:08:57"", ""lens_model"": """", ""iso"": ""800"", ""exposure_time"": ""1/100"", ""exposure_program"": ""Manual"", ""exposure_compensation"": ""-1/3"", ""aperture"": ""4.0"", ""focal_length"": ""28.0 mm"", ""focal_length_in35mm"": ""28 mm"", ""white_balance"": ""Manual"", ""metering_mode"": ""Multi-segment"", ""flash"": ""On, Return not detected"", ""pageid"": ""5680""}"
3190685939|70202166@N00|5681|Nikon D3|Nikon|70202166@N00_Nikon_642df163.json|"{""id"": ""3190685939"", ""owner"": ""70202166@N00"", ""title"": ""DSC_1432"", ""realname"": """", ""ownername"": ""黑麵之路‧不由分說"", ""datetaken"": ""2009-01-10 15:45:26"", ""max_width"": 4256, ""max_height"": 2832, ""url_max"": ""https://live.staticflickr.com/3297/3190685939_d363456c46_o.jpg"", ""max_width_2000"": 1363, ""max_height_2000"": 2048, ""url_max_2000"": ""https://live.staticflickr.com/3297/3190685939_c6c0b30d4f_k.jpg"", ""flickr_page"": ""https://www.flickr.com/photos/70202166@N00/3190685939"", ""camera"": ""Nikon D3"", ""create_date"": ""2009:01:10 15:45:26"", ""lens_model"": """", ""iso"": ""800"", ""exposure_time"": ""5"", ""exposure_program"": ""Manual"", ""exposure_compensation"": ""-1/3"", ""aperture"": ""4.5"", ""focal_length"": ""22.0 mm"", ""focal_length_in35mm"": ""22 mm"", ""white_balance"": ""Manual"", ""metering_mode"": ""Multi-segment"", ""flash"": ""No Flash"", ""pageid"": ""5681""}"
3190737089|70202166@N00|5681|Nikon D3|Nikon|70202166@N00_Nikon_642df163.json|"{""id"": ""3190737089"", ""owner"": ""70202166@N00"", ""title"": ""DSC_1458"", ""realname"": """", ""ownername"": ""黑麵之路‧不由分說"", ""datetaken"": ""2009-01-10 15:57:56"", ""max_width"": 4256, ""max_height"": 2832, ""url_max"": ""https://live.staticflickr.com/3499/3190737089_2677c51654_o.jpg"", ""max_width_2000"": 1363, ""max_height_2000"": 2048, ""url_max_2000"": ""https://live.staticflickr.com/3499/3190737089_6114d29cc8_k.jpg"", ""flickr_page"": ""https://www.flickr.com/photos/70202166@N00/3190737089"", ""camera"": ""Nikon D3"", ""create_date"": ""2009:01:10 15:57:56"", ""lens_model"": """", ""iso"": ""200"", ""exposure_time"": ""1/100"", ""exposure_program"": ""Manual"", ""exposure_compensation"": ""-1/3"", ""aperture"": ""10.0"", ""focal_length"": ""17.0 mm"", ""focal_length_in35mm"": ""17 mm"", ""white_balance"": ""Manual"", ""metering_mode"": ""Multi-segment"", ""flash"": ""On, Return not detected"", ""pageid"": ""5681""}"
3190742239|70202166@N00|5681|Nikon D3|Nikon|70202166@N00_Nikon_642df163.json|"{""id"": ""3190742239"", ""owner"": ""70202166@N00"", ""title"": ""DSC_1463"", ""realname"": """", ""ownername"": ""黑麵之路‧不由分說"", ""datetaken"": ""2009-01-10 16:01:34"", ""max_width"": 4256, ""max_height"": 2832, ""url_max"": ""https://live.staticflickr.com/3316/3190742239_6e7795f8bb_o.jpg"", ""max_width_2000"": 1363, ""max_height_2000"": 2048, ""url_max_2000"": ""https://live.staticflickr.com/3316/3190742239_2a234355f1_k.jpg"", ""flickr_page"": ""https://www.flickr.com/photos/70202166@N00/3190742239"", ""camera"": ""Nikon D3"", ""create_date"": ""2009:01:10 16:01:34"", ""lens_model"": """", ""iso"": ""200"", ""exposure_time"": ""1/160"", ""exposure_program"": ""Manual"", ""exposure_compensation"": ""-1/3"", ""aperture"": ""4.0"", ""focal_length"": ""35.0 mm"", ""focal_length_in35mm"": ""35 mm"", ""white_balance"": ""Manual"", ""metering_mode"": ""Multi-segment"", ""flash"": ""On, Return not detected"", ""pageid"": ""5681""}"
3190766623|70202166@N00|5681|Nikon D3|Nikon|70202166@N00_Nikon_642df163.json|"{""id"": ""3190766623"", ""owner"": ""70202166@N00"", ""title"": ""DSC_1476"", ""realname"": """", ""ownername"": ""黑麵之路‧不由分說"", ""datetaken"": ""2009-01-10 16:04:21"", ""max_width"": 4256, ""max_height"": 2832, ""url_max"": ""https://live.staticflickr.com/3506/3190766623_6f377917df_o.jpg"", ""max_width_2000"": 1363, ""max_height_2000"": 2048, ""url_max_2000"": ""https://live.staticflickr.com/3506/3190766623_5a45370f14_k.jpg"", ""flickr_page"": ""https://www.flickr.com/photos/70202166@N00/3190766623"", ""camera"": ""Nikon D3"", ""create_date"": ""2009:01:10 16:04:21"", ""lens_model"": """", ""iso"": ""800"", ""exposure_time"": ""1/125"", ""exposure_program"": ""Manual"", ""exposure_compensation"": ""-1/3"", ""aperture"": ""4.0"", ""focal_length"": ""35.0 mm"", ""focal_length_in35mm"": ""35 mm"", ""white_balance"": ""Manual"", ""metering_mode"": ""Multi-segment"", ""flash"": ""On, Return not detected"", ""pageid"": ""5681""}"
3190746075|70202166@N00|5681|Nikon D3|Nikon|70202166@N00_Nikon_642df163.json|"{""id"": ""3190746075"", ""owner"": ""70202166@N00"", ""title"": ""DSC_1465"", ""realname"": """", ""ownername"": ""黑麵之路‧不由分說"", ""datetaken"": ""2009-01-10 16:01:55"", ""max_width"": 4256, ""max_height"": 2832, ""url_max"": ""https://live.staticflickr.com/3535/3190746075_5af60f9e35_o.jpg"", ""max_width_2000"": 1363, ""max_height_2000"": 2048, ""url_max_2000"": ""https://live.staticflickr.com/3535/3190746075_ac45bb497a_k.jpg"", ""flickr_page"": ""https://www.flickr.com/photos/70202166@N00/3190746075"", ""camera"": ""Nikon D3"", ""create_date"": ""2009:01:10 16:01:55"", ""lens_model"": """", ""iso"": ""200"", ""exposure_time"": ""1/80"", ""exposure_program"": ""Manual"", ""exposure_compensation"": ""-1/3"", ""aperture"": ""4.0"", ""focal_length"": ""35.0 mm"", ""focal_length_in35mm"": ""35 mm"", ""white_balance"": ""Manual"", ""metering_mode"": ""Multi-segment"", ""flash"": ""On, Return not detected"", ""pageid"": ""5681""}"
3190699449|70202166@N00|5681|Nikon D3|Nikon|70202166@N00_Nikon_642df163.json|"{""id"": ""3190699449"", ""owner"": ""70202166@N00"", ""title"": ""DSC_1438"", ""realname"": """", ""ownername"": ""黑麵之路‧不由分說"", ""datetaken"": ""2009-01-10 15:50:27"", ""max_width"": 4256, ""max_height"": 2832, ""url_max"": ""https://live.staticflickr.com/3322/3190699449_eb04b44034_o.jpg"", ""max_width_2000"": 1363, ""max_height_2000"": 2048, ""url_max_2000"": ""https://live.staticflickr.com/3322/3190699449_b3be437e2b_k.jpg"", ""flickr_page"": ""https://www.flickr.com/photos/70202166@N00/3190699449"", ""camera"": ""Nikon D3"", ""create_date"": ""2009:01:10 15:50:27"", ""lens_model"": """", ""iso"": ""800"", ""exposure_time"": ""5"", ""exposure_program"": ""Manual"", ""exposure_compensation"": ""-1/3"", ""aperture"": ""4.5"", ""focal_length"": ""28.0 mm"", ""focal_length_in35mm"": ""28 mm"", ""white_balance"": ""Manual"", ""metering_mode"": ""Multi-segment"", ""flash"": ""No Flash"", ""pageid"": ""5681""}"
3190759007|70202166@N00|5681|Nikon D3|Nikon|70202166@N00_Nikon_642df163.json|"{""id"": ""3190759007"", ""owner"": ""70202166@N00"", ""title"": ""DSC_1474"", ""realname"": """", ""ownername"": ""黑麵之路‧不由分說"", ""datetaken"": ""2009-01-10 16:03:53"", ""max_width"": 4256, ""max_height"": 2832, ""url_max"": ""https://live.staticflickr.com/3127/3190759007_e160abb5b3_o.jpg"", ""max_width_2000"": 1600, ""max_height_2000"": 1065, ""url_max_2000"": ""https://live.staticflickr.com/3127/3190759007_45810b2ee9_h.jpg"", ""flickr_page"": ""https://www.flickr.com/photos/70202166@N00/3190759007"", ""camera"": ""Nikon D3"", ""create_date"": ""2009:01:10 16:03:53"", ""lens_model"": """", ""iso"": ""800"", ""exposure_time"": ""1/125"", ""exposure_program"": ""Manual"", ""exposure_compensation"": ""-1/3"", ""aperture"": ""4.5"", ""focal_length"": ""35.0 mm"", ""focal_length_in35mm"": ""35 mm"", ""white_balance"": ""Manual"", ""metering_mode"": ""Multi-segment"", ""flash"": ""On, Return not detected"", ""pageid"": ""5681""}"
3190763051|70202166@N00|5681|Nikon D3|Nikon|70202166@N00_Nikon_642df163.json|"{""id"": ""3190763051"", ""owner"": ""70202166@N00"", ""title"": ""DSC_1475"", ""realname"": """", ""ownername"": ""黑麵之路‧不由分說"", ""datetaken"": ""2009-01-10 16:04:08"", ""max_width"": 4256, ""max_height"": 2832, ""url_max"": ""https://live.staticflickr.com/3333/3190763051_06b6ef0128_o.jpg"", ""max_width_2000"": 1600, ""max_height_2000"": 1065, ""url_max_2000"": ""https://live.staticflickr.com/3333/3190763051_c156c0322f_h.jpg"", ""flickr_page"": ""https://www.flickr.com/photos/70202166@N00/3190763051"", ""camera"": ""Nikon D3"", ""create_date"": ""2009:01:10 16:04:08"", ""lens_model"": """", ""iso"": ""800"", ""exposure_time"": ""1/125"", ""exposure_program"": ""Manual"", ""exposure_compensation"": ""-1/3"", ""aperture"": ""4.0"", ""focal_length"": ""35.0 mm"", ""focal_length_in35mm"": ""35 mm"", ""white_balance"": ""Manual"", ""metering_mode"": ""Multi-segment"", ""flash"": ""On, Return not detected"", ""pageid"": ""5681""}"
3190706745|70202166@N00|5681|Nikon D3|Nikon|70202166@N00_Nikon_642df163.json|"{""id"": ""3190706745"", ""owner"": ""70202166@N00"", ""title"": ""DSC_1442"", ""realname"": """", ""ownername"": ""黑麵之路‧不由分說"", ""datetaken"": ""2009-01-10 15:53:18"", ""max_width"": 4256, ""max_height"": 2832, ""url_max"": ""https://live.staticflickr.com/3076/3190706745_da9acc7fe8_o.jpg"", ""max_width_2000"": 1600, ""max_height_2000"": 1065, ""url_max_2000"": ""https://live.staticflickr.com/3076/3190706745_7f6b794e08_h.jpg"", ""flickr_page"": ""https://www.flickr.com/photos/70202166@N00/3190706745"", ""camera"": ""Nikon D3"", ""create_date"": ""2009:01:10 15:53:18"", ""lens_model"": """", ""iso"": ""200"", ""exposure_time"": ""1/50"", ""exposure_program"": ""Manual"", ""exposure_compensation"": ""-1/3"", ""aperture"": ""3.5"", ""focal_length"": ""35.0 mm"", ""focal_length_in35mm"": ""35 mm"", ""white_balance"": ""Manual"", ""metering_mode"": ""Multi-segment"", ""flash"": ""On, Return not detected"", ""pageid"": ""5681""}"
3190703089|70202166@N00|5681|Nikon D3|Nikon|70202166@N00_Nikon_642df163.json|"{""id"": ""3190703089"", ""owner"": ""70202166@N00"", ""title"": ""DSC_1440"", ""realname"": """", ""ownername"": ""黑麵之路‧不由分說"", ""datetaken"": ""2009-01-10 15:53:01"", ""max_width"": 4256, ""max_height"": 2832, ""url_max"": ""https://live.staticflickr.com/3419/3190703089_0f58aa9eef_o.jpg"", ""max_width_2000"": 1600, ""max_height_2000"": 1065, ""url_max_2000"": ""https://live.staticflickr.com/3419/3190703089_cc24455277_h.jpg"", ""flickr_page"": ""https://www.flickr.com/photos/70202166@N00/3190703089"", ""camera"": ""Nikon D3"", ""create_date"": ""2009:01:10 15:53:01"", ""lens_model"": """", ""iso"": ""200"", ""exposure_time"": ""1/80"", ""exposure_program"": ""Manual"", ""exposure_compensation"": ""-1/3"", ""aperture"": ""3.2"", ""focal_length"": ""35.0 mm"", ""focal_length_in35mm"": ""35 mm"", ""white_balance"": ""Manual"", ""metering_mode"": ""Multi-segment"", ""flash"": ""On, Return not detected"", ""pageid"": ""5681""}"
3191515164|70202166@N00|5681|Nikon D3|Nikon|70202166@N00_Nikon_642df163.json|"{""id"": ""3191515164"", ""owner"": ""70202166@N00"", ""title"": ""DSC_1427"", ""realname"": """", ""ownername"": ""黑麵之路‧不由分說"", ""datetaken"": ""2009-01-10 15:43:26"", ""max_width"": 4256, ""max_height"": 2832, ""url_max"": ""https://live.staticflickr.com/3106/3191515164_5de2d39d15_o.jpg"", ""max_width_2000"": 1363, ""max_height_2000"": 2048, ""url_max_2000"": ""https://live.staticflickr.com/3106/3191515164_2f878943d6_k.jpg"", ""flickr_page"": ""https://www.flickr.com/photos/70202166@N00/3191515164"", ""camera"": ""Nikon D3"", ""create_date"": ""2009:01:10 15:43:26"", ""lens_model"": """", ""iso"": ""800"", ""exposure_time"": ""2"", ""exposure_program"": ""Manual"", ""exposure_compensation"": ""-1/3"", ""aperture"": ""2.8"", ""focal_length"": ""22.0 mm"", ""focal_length_in35mm"": ""22 mm"", ""white_balance"": ""Manual"", ""metering_mode"": ""Multi-segment"", ""flash"": ""No Flash"", ""pageid"": ""5681""}"
3191519486|70202166@N00|5681|Nikon D3|Nikon|70202166@N00_Nikon_642df163.json|"{""id"": ""3191519486"", ""owner"": ""70202166@N00"", ""title"": ""DSC_1428"", ""realname"": """", ""ownername"": ""黑麵之路‧不由分說"", ""datetaken"": ""2009-01-10 15:43:43"", ""max_width"": 4256, ""max_height"": 2832, ""url_max"": ""https://live.staticflickr.com/3508/3191519486_fdd1c32cde_o.jpg"", ""max_width_2000"": 1363, ""max_height_2000"": 2048, ""url_max_2000"": ""https://live.staticflickr.com/3508/3191519486_f7e57ec537_k.jpg"", ""flickr_page"": ""https://www.flickr.com/photos/70202166@N00/3191519486"", ""camera"": ""Nikon D3"", ""create_date"": ""2009:01:10 15:43:43"", ""lens_model"": """", ""iso"": ""800"", ""exposure_time"": ""2"", ""exposure_program"": ""Manual"", ""exposure_compensation"": ""-1/3"", ""aperture"": ""2.8"", ""focal_length"": ""22.0 mm"", ""focal_length_in35mm"": ""22 mm"", ""white_balance"": ""Manual"", ""metering_mode"": ""Multi-segment"", ""flash"": ""No Flash"", ""pageid"": ""5681""}"
3191557698|70202166@N00|5681|Nikon D3|Nikon|70202166@N00_Nikon_642df163.json|"{""id"": ""3191557698"", ""owner"": ""70202166@N00"", ""title"": ""DSC_1444"", ""realname"": """", ""ownername"": ""黑麵之路‧不由分說"", ""datetaken"": ""2009-01-10 15:54:22"", ""max_width"": 4256, ""max_height"": 2832, ""url_max"": ""https://live.staticflickr.com/3502/3191557698_b7ab73bb0f_o.jpg"", ""max_width_2000"": 1363, ""max_height_2000"": 2048, ""url_max_2000"": ""https://live.staticflickr.com/3502/3191557698_b2b55ecddc_k.jpg"", ""flickr_page"": ""https://www.flickr.com/photos/70202166@N00/3191557698"", ""camera"": ""Nikon D3"", ""create_date"": ""2009:01:10 15:54:22"", ""lens_model"": """", ""iso"": ""200"", ""exposure_time"": ""1/50"", ""exposure_program"": ""Manual"", ""exposure_compensation"": ""-1/3"", ""aperture"": ""5.0"", ""focal_length"": ""35.0 mm"", ""focal_length_in35mm"": ""35 mm"", ""white_balance"": ""Manual"", ""metering_mode"": ""Multi-segment"", ""flash"": ""On, Return not detected"", ""pageid"": ""5681""}"
3191528432|70202166@N00|5681|Nikon D3|Nikon|70202166@N00_Nikon_642df163.json|"{""id"": ""3191528432"", ""owner"": ""70202166@N00"", ""title"": ""DSC_1430"", ""realname"": """", ""ownername"": ""黑麵之路‧不由分說"", ""datetaken"": ""2009-01-10 15:44:20"", ""max_width"": 4256, ""max_height"": 2832, ""url_max"": ""https://live.staticflickr.com/3480/3191528432_6e275af9cd_o.jpg"", ""max_width_2000"": 1363, ""max_height_2000"": 2048, ""url_max_2000"": ""https://live.staticflickr.com/3480/3191528432_dcf5ea7caa_k.jpg"", ""flickr_page"": ""https://www.flickr.com/photos/70202166@N00/3191528432"", ""camera"": ""Nikon D3"", ""create_date"": ""2009:01:10 15:44:20"", ""lens_model"": """", ""iso"": ""800"", ""exposure_time"": ""5"", ""exposure_program"": ""Manual"", ""exposure_compensation"": ""-1/3"", ""aperture"": ""4.5"", ""focal_length"": ""22.0 mm"", ""focal_length_in35mm"": ""22 mm"", ""white_balance"": ""Manual"", ""metering_mode"": ""Multi-segment"", ""flash"": ""No Flash"", ""pageid"": ""5681""}"
3191536744|70202166@N00|5681|Nikon D3|Nikon|70202166@N00_Nikon_642df163.json|"{""id"": ""3191536744"", ""owner"": ""70202166@N00"", ""title"": ""DSC_1435"", ""realname"": """", ""ownername"": ""黑麵之路‧不由分說"", ""datetaken"": ""2009-01-10 15:47:40"", ""max_width"": 4256, ""max_height"": 2832, ""url_max"": ""https://live.staticflickr.com/3456/3191536744_735fc1e65d_o.jpg"", ""max_width_2000"": 1363, ""max_height_2000"": 2048, ""url_max_2000"": ""https://live.staticflickr.com/3456/3191536744_0fe8e21110_k.jpg"", ""flickr_page"": ""https://www.flickr.com/photos/70202166@N00/3191536744"", ""camera"": ""Nikon D3"", ""create_date"": ""2009:01:10 15:47:40"", ""lens_model"": """", ""iso"": ""800"", ""exposure_time"": ""5"", ""exposure_program"": ""Manual"", ""exposure_compensation"": ""-1/3"", ""aperture"": ""4.5"", ""focal_length"": ""28.0 mm"", ""focal_length_in35mm"": ""28 mm"", ""white_balance"": ""Manual"", ""metering_mode"": ""Multi-segment"", ""flash"": ""No Flash"", ""pageid"": ""5681""}"
3191560870|70202166@N00|5681|Nikon D3|Nikon|70202166@N00_Nikon_642df163.json|"{""id"": ""3191560870"", ""owner"": ""70202166@N00"", ""title"": ""DSC_1445"", ""realname"": """", ""ownername"": ""黑麵之路‧不由分說"", ""datetaken"": ""2009-01-10 15:54:28"", ""max_width"": 4256, ""max_height"": 2832, ""url_max"": ""https://live.staticflickr.com/3384/3191560870_fa6d4669a7_o.jpg"", ""max_width_2000"": 1363, ""max_height_2000"": 2048, ""url_max_2000"": ""https://live.staticflickr.com/3384/3191560870_361daf3751_k.jpg"", ""flickr_page"": ""https://www.flickr.com/photos/70202166@N00/3191560870"", ""camera"": ""Nikon D3"", ""create_date"": ""2009:01:10 15:54:28"", ""lens_model"": """", ""iso"": ""200"", ""exposure_time"": ""1/50"", ""exposure_program"": ""Manual"", ""exposure_compensation"": ""-1/3"", ""aperture"": ""22.0"", ""focal_length"": ""35.0 mm"", ""focal_length_in35mm"": ""35 mm"", ""white_balance"": ""Manual"", ""metering_mode"": ""Multi-segment"", ""flash"": ""On, Return not detected"", ""pageid"": ""5681""}"
3191566804|70202166@N00|5681|Nikon D3|Nikon|70202166@N00_Nikon_642df163.json|"{""id"": ""3191566804"", ""owner"": ""70202166@N00"", ""title"": ""DSC_1447"", ""realname"": """", ""ownername"": ""黑麵之路‧不由分說"", ""datetaken"": ""2009-01-10 15:54:38"", ""max_width"": 4256, ""max_height"": 2832, ""url_max"": ""https://live.staticflickr.com/3344/3191566804_9e40bb44b5_o.jpg"", ""max_width_2000"": 1363, ""max_height_2000"": 2048, ""url_max_2000"": ""https://live.staticflickr.com/3344/3191566804_ec8aed743c_k.jpg"", ""flickr_page"": ""https://www.flickr.com/photos/70202166@N00/3191566804"", ""camera"": ""Nikon D3"", ""create_date"": ""2009:01:10 15:54:38"", ""lens_model"": """", ""iso"": ""200"", ""exposure_time"": ""1/50"", ""exposure_program"": ""Manual"", ""exposure_compensation"": ""-1/3"", ""aperture"": ""22.0"", ""focal_length"": ""35.0 mm"", ""focal_length_in35mm"": ""35 mm"", ""white_balance"": ""Manual"", ""metering_mode"": ""Multi-segment"", ""flash"": ""On, Return not detected"", ""pageid"": ""5681""}"
3191524404|70202166@N00|5681|Nikon D3|Nikon|70202166@N00_Nikon_642df163.json|"{""id"": ""3191524404"", ""owner"": ""70202166@N00"", ""title"": ""DSC_1429"", ""realname"": """", ""ownername"": ""黑麵之路‧不由分說"", ""datetaken"": ""2009-01-10 15:44:02"", ""max_width"": 4256, ""max_height"": 2832, ""url_max"": ""https://live.staticflickr.com/3408/3191524404_fa4dbcc0c0_o.jpg"", ""max_width_2000"": 1363, ""max_height_2000"": 2048, ""url_max_2000"": ""https://live.staticflickr.com/3408/3191524404_40985f7260_k.jpg"", ""flickr_page"": ""https://www.flickr.com/photos/70202166@N00/3191524404"", ""camera"": ""Nikon D3"", ""create_date"": ""2009:01:10 15:44:02"", ""lens_model"": """", ""iso"": ""800"", ""exposure_time"": ""5"", ""exposure_program"": ""Manual"", ""exposure_compensation"": ""-1/3"", ""aperture"": ""4.5"", ""focal_length"": ""22.0 mm"", ""focal_length_in35mm"": ""22 mm"", ""white_balance"": ""Manual"", ""metering_mode"": ""Multi-segment"", ""flash"": ""No Flash"", ""pageid"": ""5681""}"
3191542206|70202166@N00|5681|Nikon D3|Nikon|70202166@N00_Nikon_642df163.json|"{""id"": ""3191542206"", ""owner"": ""70202166@N00"", ""title"": ""DSC_1436"", ""realname"": """", ""ownername"": ""黑麵之路‧不由分說"", ""datetaken"": ""2009-01-10 15:48:10"", ""max_width"": 4256, ""max_height"": 2832, ""url_max"": ""https://live.staticflickr.com/3351/3191542206_2bef789bba_o.jpg"", ""max_width_2000"": 1363, ""max_height_2000"": 2048, ""url_max_2000"": ""https://live.staticflickr.com/3351/3191542206_df7d8476d3_k.jpg"", ""flickr_page"": ""https://www.flickr.com/photos/70202166@N00/3191542206"", ""camera"": ""Nikon D3"", ""create_date"": ""2009:01:10 15:48:10"", ""lens_model"": """", ""iso"": ""800"", ""exposure_time"": ""5"", ""exposure_program"": ""Manual"", ""exposure_compensation"": ""-1/3"", ""aperture"": ""4.5"", ""focal_length"": ""28.0 mm"", ""focal_length_in35mm"": ""28 mm"", ""white_balance"": ""Manual"", ""metering_mode"": ""Multi-segment"", ""flash"": ""No Flash"", ""pageid"": ""5681""}"
3191563758|70202166@N00|5681|Nikon D3|Nikon|70202166@N00_Nikon_642df163.json|"{""id"": ""3191563758"", ""owner"": ""70202166@N00"", ""title"": ""DSC_1446"", ""realname"": """", ""ownername"": ""黑麵之路‧不由分說"", ""datetaken"": ""2009-01-10 15:54:36"", ""max_width"": 4256, ""max_height"": 2832, ""url_max"": ""https://live.staticflickr.com/3095/3191563758_8d231f06fa_o.jpg"", ""max_width_2000"": 1363, ""max_height_2000"": 2048, ""url_max_2000"": ""https://live.staticflickr.com/3095/3191563758_5549cd1525_k.jpg"", ""flickr_page"": ""https://www.flickr.com/photos/70202166@N00/3191563758"", ""camera"": ""Nikon D3"", ""create_date"": ""2009:01:10 15:54:36"", ""lens_model"": """", ""iso"": ""200"", ""exposure_time"": ""1/50"", ""exposure_program"": ""Manual"", ""exposure_compensation"": ""-1/3"", ""aperture"": ""22.0"", ""focal_length"": ""35.0 mm"", ""focal_length_in35mm"": ""35 mm"", ""white_balance"": ""Manual"", ""metering_mode"": ""Multi-segment"", ""flash"": ""On, Return not detected"", ""pageid"": ""5681""}"
3191572244|70202166@N00|5681|Nikon D3|Nikon|70202166@N00_Nikon_642df163.json|"{""id"": ""3191572244"", ""owner"": ""70202166@N00"", ""title"": ""DSC_1449"", ""realname"": """", ""ownername"": ""黑麵之路‧不由分說"", ""datetaken"": ""2009-01-10 15:56:46"", ""max_width"": 4256, ""max_height"": 2832, ""url_max"": ""https://live.staticflickr.com/3484/3191572244_f23deb22c2_o.jpg"", ""max_width_2000"": 1600, ""max_height_2000"": 1065, ""url_max_2000"": ""https://live.staticflickr.com/3484/3191572244_2b9a550b2b_h.jpg"", ""flickr_page"": ""https://www.flickr.com/photos/70202166@N00/3191572244"", ""camera"": ""Nikon D3"", ""create_date"": ""2009:01:10 15:56:46"", ""lens_model"": """", ""iso"": ""200"", ""exposure_time"": ""1/50"", ""exposure_program"": ""Manual"", ""exposure_compensation"": ""-1/3"", ""aperture"": ""14.0"", ""focal_length"": ""17.0 mm"", ""focal_length_in35mm"": ""17 mm"", ""white_balance"": ""Manual"", ""metering_mode"": ""Multi-segment"", ""flash"": ""On, Return not detected"", ""pageid"": ""5681""}"
3191598394|70202166@N00|5681|Nikon D3|Nikon|70202166@N00_Nikon_642df163.json|"{""id"": ""3191598394"", ""owner"": ""70202166@N00"", ""title"": ""DSC_1466"", ""realname"": """", ""ownername"": ""黑麵之路‧不由分說"", ""datetaken"": ""2009-01-10 16:02:07"", ""max_width"": 4256, ""max_height"": 2832, ""url_max"": ""https://live.staticflickr.com/3423/3191598394_bbfe99e5ef_o.jpg"", ""max_width_2000"": 1363, ""max_height_2000"": 2048, ""url_max_2000"": ""https://live.staticflickr.com/3423/3191598394_75ee311d2b_k.jpg"", ""flickr_page"": ""https://www.flickr.com/photos/70202166@N00/3191598394"", ""camera"": ""Nikon D3"", ""create_date"": ""2009:01:10 16:02:07"", ""lens_model"": """", ""iso"": ""200"", ""exposure_time"": ""1/80"", ""exposure_program"": ""Manual"", ""exposure_compensation"": ""-1/3"", ""aperture"": ""4.0"", ""focal_length"": ""35.0 mm"", ""focal_length_in35mm"": ""35 mm"", ""white_balance"": ""Manual"", ""metering_mode"": ""Multi-segment"", ""flash"": ""On, Return not detected"", ""pageid"": ""5681""}"
3191602658|70202166@N00|5681|Nikon D3|Nikon|70202166@N00_Nikon_642df163.json|"{""id"": ""3191602658"", ""owner"": ""70202166@N00"", ""title"": ""DSC_1470"", ""realname"": """", ""ownername"": ""黑麵之路‧不由分說"", ""datetaken"": ""2009-01-10 16:03:16"", ""max_width"": 4256, ""max_height"": 2832, ""url_max"": ""https://live.staticflickr.com/3447/3191602658_d0085d9711_o.jpg"", ""max_width_2000"": 1600, ""max_height_2000"": 1065, ""url_max_2000"": ""https://live.staticflickr.com/3447/3191602658_a77f38bc6a_h.jpg"", ""flickr_page"": ""https://www.flickr.com/photos/70202166@N00/3191602658"", ""camera"": ""Nikon D3"", ""create_date"": ""2009:01:10 16:03:16"", ""lens_model"": """", ""iso"": ""200"", ""exposure_time"": ""1/125"", ""exposure_program"": ""Manual"", ""exposure_compensation"": ""-1/3"", ""aperture"": ""4.0"", ""focal_length"": ""35.0 mm"", ""focal_length_in35mm"": ""35 mm"", ""white_balance"": ""Manual"", ""metering_mode"": ""Multi-segment"", ""flash"": ""On, Return not detected"", ""pageid"": ""5681""}"
3191579988|70202166@N00|5681|Nikon D3|Nikon|70202166@N00_Nikon_642df163.json|"{""id"": ""3191579988"", ""owner"": ""70202166@N00"", ""title"": ""DSC_1456"", ""realname"": """", ""ownername"": ""黑麵之路‧不由分說"", ""datetaken"": ""2009-01-10 15:57:39"", ""max_width"": 4256, ""max_height"": 2832, ""url_max"": ""https://live.staticflickr.com/3088/3191579988_59ce304dca_o.jpg"", ""max_width_2000"": 1600, ""max_height_2000"": 1065, ""url_max_2000"": ""https://live.staticflickr.com/3088/3191579988_cee4f33662_h.jpg"", ""flickr_page"": ""https://www.flickr.com/photos/70202166@N00/3191579988"", ""camera"": ""Nikon D3"", ""create_date"": ""2009:01:10 15:57:39"", ""lens_model"": """", ""iso"": ""200"", ""exposure_time"": ""1/100"", ""exposure_program"": ""Manual"", ""exposure_compensation"": ""-1/3"", ""aperture"": ""10.0"", ""focal_length"": ""17.0 mm"", ""focal_length_in35mm"": ""17 mm"", ""white_balance"": ""Manual"", ""metering_mode"": ""Multi-segment"", ""flash"": ""On, Return not detected"", ""pageid"": ""5681""}"
3191577152|70202166@N00|5681|Nikon D3|Nikon|70202166@N00_Nikon_642df163.json|"{""id"": ""3191577152"", ""owner"": ""70202166@N00"", ""title"": ""DSC_1451"", ""realname"": """", ""ownername"": ""黑麵之路‧不由分說"", ""datetaken"": ""2009-01-10 15:57:00"", ""max_width"": 4256, ""max_height"": 2832, ""url_max"": ""https://live.staticflickr.com/3445/3191577152_a8ec2c16a8_o.jpg"", ""max_width_2000"": 1600, ""max_height_2000"": 1065, ""url_max_2000"": ""https://live.staticflickr.com/3445/3191577152_37179701d8_h.jpg"", ""flickr_page"": ""https://www.flickr.com/photos/70202166@N00/3191577152"", ""camera"": ""Nikon D3"", ""create_date"": ""2009:01:10 15:57:00"", ""lens_model"": """", ""iso"": ""200"", ""exposure_time"": ""1/100"", ""exposure_program"": ""Manual"", ""exposure_compensation"": ""-1/3"", ""aperture"": ""10.0"", ""focal_length"": ""17.0 mm"", ""focal_length_in35mm"": ""17 mm"", ""white_balance"": ""Manual"", ""metering_mode"": ""Multi-segment"", ""flash"": ""On, Return not detected"", ""pageid"": ""5681""}"
3191415488|70202166@N00|5682|Nikon D3|Nikon|70202166@N00_Nikon_642df163.json|"{""id"": ""3191415488"", ""owner"": ""70202166@N00"", ""title"": ""DSC_1599"", ""realname"": """", ""ownername"": ""黑麵之路‧不由分說"", ""datetaken"": ""2009-01-10 16:42:24"", ""max_width"": 1785, ""max_height"": 982, ""url_max"": ""https://live.staticflickr.com/3260/3191415488_68e8a6d313_o.jpg"", ""max_width_2000"": 1785, ""max_height_2000"": 982, ""url_max_2000"": ""https://live.staticflickr.com/3260/3191415488_68e8a6d313_o.jpg"", ""flickr_page"": ""https://www.flickr.com/photos/70202166@N00/3191415488"", ""camera"": ""Nikon D3"", ""create_date"": ""2009:01:10 16:42:24"", ""lens_model"": """", ""iso"": ""200"", ""exposure_time"": ""1/200"", ""exposure_program"": ""Manual"", ""exposure_compensation"": ""-1/3"", ""aperture"": ""4.0"", ""focal_length"": ""105.0 mm"", ""focal_length_in35mm"": ""105 mm"", ""white_balance"": ""Manual"", ""metering_mode"": ""Multi-segment"", ""flash"": ""On, Return not detected"", ""pageid"": ""5682""}"
3190609961|70202166@N00|5682|Nikon D3|Nikon|70202166@N00_Nikon_642df163.json|"{""id"": ""3190609961"", ""owner"": ""70202166@N00"", ""title"": ""DSC_1398"", ""realname"": """", ""ownername"": ""黑麵之路‧不由分說"", ""datetaken"": ""2009-01-10 15:30:53"", ""max_width"": 4256, ""max_height"": 2832, ""url_max"": ""https://live.staticflickr.com/3404/3190609961_2452dee52e_o.jpg"", ""max_width_2000"": 1363, ""max_height_2000"": 2048, ""url_max_2000"": ""https://live.staticflickr.com/3404/3190609961_9e5eea3454_k.jpg"", ""flickr_page"": ""https://www.flickr.com/photos/70202166@N00/3190609961"", ""camera"": ""Nikon D3"", ""create_date"": ""2009:01:10 15:30:53"", ""lens_model"": """", ""iso"": ""3200"", ""exposure_time"": ""1/30"", ""exposure_program"": ""Manual"", ""exposure_compensation"": ""-1/3"", ""aperture"": ""3.5"", ""focal_length"": ""35.0 mm"", ""focal_length_in35mm"": ""35 mm"", ""white_balance"": ""Manual"", ""metering_mode"": ""Multi-segment"", ""flash"": ""On, Return not detected"", ""pageid"": ""5682""}"
3190615907|70202166@N00|5682|Nikon D3|Nikon|70202166@N00_Nikon_642df163.json|"{""id"": ""3190615907"", ""owner"": ""70202166@N00"", ""title"": ""DSC_1399"", ""realname"": """", ""ownername"": ""黑麵之路‧不由分說"", ""datetaken"": ""2009-01-10 15:31:12"", ""max_width"": 4256, ""max_height"": 2832, ""url_max"": ""https://live.staticflickr.com/3382/3190615907_e8c46004e8_o.jpg"", ""max_width_2000"": 1363, ""max_height_2000"": 2048, ""url_max_2000"": ""https://live.staticflickr.com/3382/3190615907_31cee75a34_k.jpg"", ""flickr_page"": ""https://www.flickr.com/photos/70202166@N00/3190615907"", ""camera"": ""Nikon D3"", ""create_date"": ""2009:01:10 15:31:12"", ""lens_model"": """", ""iso"": ""3200"", ""exposure_time"": ""1/30"", ""exposure_program"": ""Manual"", ""exposure_compensation"": ""-1/3"", ""aperture"": ""3.5"", ""focal_length"": ""26.0 mm"", ""focal_length_in35mm"": ""26 mm"", ""white_balance"": ""Manual"", ""metering_mode"": ""Multi-segment"", ""flash"": ""On, Return not detected"", ""pageid"": ""5682""}"
3190655027|70202166@N00|5682|Nikon D3|Nikon|70202166@N00_Nikon_642df163.json|"{""id"": ""3190655027"", ""owner"": ""70202166@N00"", ""title"": ""DSC_1419"", ""realname"": """", ""ownername"": ""黑麵之路‧不由分說"", ""datetaken"": ""2009-01-10 15:36:17"", ""max_width"": 4256, ""max_height"": 2832, ""url_max"": ""https://live.staticflickr.com/3434/3190655027_b29be4e577_o.jpg"", ""max_width_2000"": 1600, ""max_height_2000"": 1065, ""url_max_2000"": ""https://live.staticflickr.com/3434/3190655027_cc83d5c353_h.jpg"", ""flickr_page"": ""https://www.flickr.com/photos/70202166@N00/3190655027"", ""camera"": ""Nikon D3"", ""create_date"": ""2009:01:10 15:36:17"", ""lens_model"": """", ""iso"": ""3200"", ""exposure_time"": ""1/30"", ""exposure_program"": ""Manual"", ""exposure_compensation"": ""-1/3"", ""aperture"": ""4.0"", ""focal_length"": ""30.0 mm"", ""focal_length_in35mm"": ""30 mm"", ""white_balance"": ""Manual"", ""metering_mode"": ""Multi-segment"", ""flash"": ""On, Return not detected"", ""pageid"": ""5682""}"
3190599249|70202166@N00|5682|Nikon D3|Nikon|70202166@N00_Nikon_642df163.json|"{""id"": ""3190599249"", ""owner"": ""70202166@N00"", ""title"": ""DSC_1396"", ""realname"": """", ""ownername"": ""黑麵之路‧不由分說"", ""datetaken"": ""2009-01-10 15:30:16"", ""max_width"": 4256, ""max_height"": 2832, ""url_max"": ""https://live.staticflickr.com/3110/3190599249_6ab83a92d5_o.jpg"", ""max_width_2000"": 1363, ""max_height_2000"": 2048, ""url_max_2000"": ""https://live.staticflickr.com/3110/3190599249_e947697098_k.jpg"", ""flickr_page"": ""https://www.flickr.com/photos/70202166@N00/3190599249"", ""camera"": ""Nikon D3"", ""create_date"": ""2009:01:10 15:30:16"", ""lens_model"": """", ""iso"": ""3200"", ""exposure_time"": ""1/40"", ""exposure_program"": ""Manual"", ""exposure_compensation"": ""-1/3"", ""aperture"": ""3.5"", ""focal_length"": ""35.0 mm"", ""focal_length_in35mm"": ""35 mm"", ""white_balance"": ""Manual"", ""metering_mode"": ""Multi-segment"", ""flash"": ""On, Return not detected"", ""pageid"": ""5682""}"
3190632647|70202166@N00|5682|Nikon D3|Nikon|70202166@N00_Nikon_642df163.json|"{""id"": ""3190632647"", ""owner"": ""70202166@N00"", ""title"": ""DSC_1402"", ""realname"": """", ""ownername"": ""黑麵之路‧不由分說"", ""datetaken"": ""2009-01-10 15:31:55"", ""max_width"": 4256, ""max_height"": 2832, ""url_max"": ""https://live.staticflickr.com/3429/3190632647_a585a55e7a_o.jpg"", ""max_width_2000"": 1363, ""max_height_2000"": 2048, ""url_max_2000"": ""https://live.staticflickr.com/3429/3190632647_3eafe5b58b_k.jpg"", ""flickr_page"": ""https://www.flickr.com/photos/70202166@N00/3190632647"", ""camera"": ""Nikon D3"", ""create_date"": ""2009:01:10 15:31:55"", ""lens_model"": """", ""iso"": ""3200"", ""exposure_time"": ""1/30"", ""exposure_program"": ""Manual"", ""exposure_compensation"": ""-1/3"", ""aperture"": ""3.5"", ""focal_length"": ""32.0 mm"", ""focal_length_in35mm"": ""32 mm"", ""white_balance"": ""Manual"", ""metering_mode"": ""Multi-segment"", ""flash"": ""On, Return not detected"", ""pageid"": ""5682""}"
3190573895|70202166@N00|5682|Nikon D3|Nikon|70202166@N00_Nikon_642df163.json|"{""id"": ""3190573895"", ""owner"": ""70202166@N00"", ""title"": ""DSC_1391"", ""realname"": """", ""ownername"": ""黑麵之路‧不由分說"", ""datetaken"": ""2009-01-10 15:29:31"", ""max_width"": 4256, ""max_height"": 2832, ""url_max"": ""https://live.staticflickr.com/3320/3190573895_99b95cf387_o.jpg"", ""max_width_2000"": 1363, ""max_height_2000"": 2048, ""url_max_2000"": ""https://live.staticflickr.com/3320/3190573895_fcd8af33b5_k.jpg"", ""flickr_page"": ""https://www.flickr.com/photos/70202166@N00/3190573895"", ""camera"": ""Nikon D3"", ""create_date"": ""2009:01:10 15:29:31"", ""lens_model"": """", ""iso"": ""3200"", ""exposure_time"": ""1/100"", ""exposure_program"": ""Manual"", ""exposure_compensation"": ""-1/3"", ""aperture"": ""4.0"", ""focal_length"": ""35.0 mm"", ""focal_length_in35mm"": ""35 mm"", ""white_balance"": ""Manual"", ""metering_mode"": ""Multi-segment"", ""flash"": ""On, Return not detected"", ""pageid"": ""5682""}"
3190643287|70202166@N00|5682|Nikon D3|Nikon|70202166@N00_Nikon_642df163.json|"{""id"": ""3190643287"", ""owner"": ""70202166@N00"", ""title"": ""DSC_1414"", ""realname"": """", ""ownername"": ""黑麵之路‧不由分說"", ""datetaken"": ""2009-01-10 15:34:35"", ""max_width"": 4256, ""max_height"": 2832, ""url_max"": ""https://live.staticflickr.com/3090/3190643287_e0fb19a66e_o.jpg"", ""max_width_2000"": 1363, ""max_height_2000"": 2048, ""url_max_2000"": ""https://live.staticflickr.com/3090/3190643287_3469c32324_k.jpg"", ""flickr_page"": ""https://www.flickr.com/photos/70202166@N00/3190643287"", ""camera"": ""Nikon D3"", ""create_date"": ""2009:01:10 15:34:35"", ""lens_model"": """", ""iso"": ""3200"", ""exposure_time"": ""1/30"", ""exposure_program"": ""Manual"", ""exposure_compensation"": ""-1/3"", ""aperture"": ""4.0"", ""focal_length"": ""32.0 mm"", ""focal_length_in35mm"": ""32 mm"", ""white_balance"": ""Manual"", ""metering_mode"": ""Multi-segment"", ""flash"": ""On, Return not detected"", ""pageid"": ""5682""}"
3190638299|70202166@N00|5682|Nikon D3|Nikon|70202166@N00_Nikon_642df163.json|"{""id"": ""3190638299"", ""owner"": ""70202166@N00"", ""title"": ""DSC_1404"", ""realname"": """", ""ownername"": ""黑麵之路‧不由分說"", ""datetaken"": ""2009-01-10 15:32:25"", ""max_width"": 4256, ""max_height"": 2832, ""url_max"": ""https://live.staticflickr.com/3415/3190638299_ae67253d2b_o.jpg"", ""max_width_2000"": 1363, ""max_height_2000"": 2048, ""url_max_2000"": ""https://live.staticflickr.com/3415/3190638299_68e867b0c0_k.jpg"", ""flickr_page"": ""https://www.flickr.com/photos/70202166@N00/3190638299"", ""camera"": ""Nikon D3"", ""create_date"": ""2009:01:10 15:32:25"", ""lens_model"": """", ""iso"": ""3200"", ""exposure_time"": ""1/30"", ""exposure_program"": ""Manual"", ""exposure_compensation"": ""-1/3"", ""aperture"": ""4.0"", ""focal_length"": ""32.0 mm"", ""focal_length_in35mm"": ""32 mm"", ""white_balance"": ""Manual"", ""metering_mode"": ""Multi-segment"", ""flash"": ""On, Return not detected"", ""pageid"": ""5682""}"
3190621827|70202166@N00|5682|Nikon D3|Nikon|70202166@N00_Nikon_642df163.json|"{""id"": ""3190621827"", ""owner"": ""70202166@N00"", ""title"": ""DSC_1400"", ""realname"": """", ""ownername"": ""黑麵之路‧不由分說"", ""datetaken"": ""2009-01-10 15:31:27"", ""max_width"": 4256, ""max_height"": 2832, ""url_max"": ""https://live.staticflickr.com/3516/3190621827_0d7308b7c1_o.jpg"", ""max_width_2000"": 1363, ""max_height_2000"": 2048, ""url_max_2000"": ""https://live.staticflickr.com/3516/3190621827_c202701162_k.jpg"", ""flickr_page"": ""https://www.flickr.com/photos/70202166@N00/3190621827"", ""camera"": ""Nikon D3"", ""create_date"": ""2009:01:10 15:31:27"", ""lens_model"": """", ""iso"": ""3200"", ""exposure_time"": ""1/30"", ""exposure_program"": ""Manual"", ""exposure_compensation"": ""-1/3"", ""aperture"": ""3.5"", ""focal_length"": ""26.0 mm"", ""focal_length_in35mm"": ""26 mm"", ""white_balance"": ""Manual"", ""metering_mode"": ""Multi-segment"", ""flash"": ""On, Return not detected"", ""pageid"": ""5682""}"
3191419364|70202166@N00|5682|Nikon D3|Nikon|70202166@N00_Nikon_642df163.json|"{""id"": ""3191419364"", ""owner"": ""70202166@N00"", ""title"": ""DSC_1620"", ""realname"": """", ""ownername"": ""黑麵之路‧不由分說"", ""datetaken"": ""2009-01-10 16:45:14"", ""max_width"": 1979, ""max_height"": 1317, ""url_max"": ""https://live.staticflickr.com/3310/3191419364_32cc13c12f_k.jpg"", ""max_width_2000"": 1979, ""max_height_2000"": 1317, ""url_max_2000"": ""https://live.staticflickr.com/3310/3191419364_32cc13c12f_k.jpg"", ""flickr_page"": ""https://www.flickr.com/photos/70202166@N00/3191419364"", ""camera"": ""Nikon D3"", ""create_date"": ""2009:01:10 16:45:14"", ""lens_model"": """", ""iso"": ""200"", ""exposure_time"": ""1/160"", ""exposure_program"": ""Manual"", ""exposure_compensation"": ""-1/3"", ""aperture"": ""4.0"", ""focal_length"": ""105.0 mm"", ""focal_length_in35mm"": ""105 mm"", ""white_balance"": ""Manual"", ""metering_mode"": ""Multi-segment"", ""flash"": ""On, Return not detected"", ""pageid"": ""5682""}"
3191416520|70202166@N00|5682|Nikon D3|Nikon|70202166@N00_Nikon_642df163.json|"{""id"": ""3191416520"", ""owner"": ""70202166@N00"", ""title"": ""DSC_1604"", ""realname"": """", ""ownername"": ""黑麵之路‧不由分說"", ""datetaken"": ""2009-01-10 16:43:28"", ""max_width"": 1979, ""max_height"": 1317, ""url_max"": ""https://live.staticflickr.com/3307/3191416520_8d0e102d2b_k.jpg"", ""max_width_2000"": 1979, ""max_height_2000"": 1317, ""url_max_2000"": ""https://live.staticflickr.com/3307/3191416520_8d0e102d2b_k.jpg"", ""flickr_page"": ""https://www.flickr.com/photos/70202166@N00/3191416520"", ""camera"": ""Nikon D3"", ""create_date"": ""2009:01:10 16:43:28"", ""lens_model"": """", ""iso"": ""200"", ""exposure_time"": ""1/100"", ""exposure_program"": ""Manual"", ""exposure_compensation"": ""-1/3"", ""aperture"": ""4.0"", ""focal_length"": ""105.0 mm"", ""focal_length_in35mm"": ""105 mm"", ""white_balance"": ""Manual"", ""metering_mode"": ""Multi-segment"", ""flash"": ""On, Return not detected"", ""pageid"": ""5682""}"
3191417488|70202166@N00|5682|Nikon D3|Nikon|70202166@N00_Nikon_642df163.json|"{""id"": ""3191417488"", ""owner"": ""70202166@N00"", ""title"": ""DSC_1613"", ""realname"": """", ""ownername"": ""黑麵之路‧不由分說"", ""datetaken"": ""2009-01-10 16:44:54"", ""max_width"": 1979, ""max_height"": 1317, ""url_max"": ""https://live.staticflickr.com/3338/3191417488_b70a3756cc_k.jpg"", ""max_width_2000"": 1979, ""max_height_2000"": 1317, ""url_max_2000"": ""https://live.staticflickr.com/3338/3191417488_b70a3756cc_k.jpg"", ""flickr_page"": ""https://www.flickr.com/photos/70202166@N00/3191417488"", ""camera"": ""Nikon D3"", ""create_date"": ""2009:01:10 16:44:54"", ""lens_model"": """", ""iso"": ""200"", ""exposure_time"": ""1/160"", ""exposure_program"": ""Manual"", ""exposure_compensation"": ""-1/3"", ""aperture"": ""4.0"", ""focal_length"": ""105.0 mm"", ""focal_length_in35mm"": ""105 mm"", ""white_balance"": ""Manual"", ""metering_mode"": ""Multi-segment"", ""flash"": ""On, Return not detected"", ""pageid"": ""5682""}"
3191420168|70202166@N00|5682|Nikon D3|Nikon|70202166@N00_Nikon_642df163.json|"{""id"": ""3191420168"", ""owner"": ""70202166@N00"", ""title"": ""DSC_1629"", ""realname"": """", ""ownername"": ""黑麵之路‧不由分說"", ""datetaken"": ""2009-01-10 16:46:56"", ""max_width"": 1147, ""max_height"": 1157, ""url_max"": ""https://live.staticflickr.com/3428/3191420168_c51efceb34_o.jpg"", ""max_width_2000"": 1147, ""max_height_2000"": 1157, ""url_max_2000"": ""https://live.staticflickr.com/3428/3191420168_c51efceb34_o.jpg"", ""flickr_page"": ""https://www.flickr.com/photos/70202166@N00/3191420168"", ""camera"": ""Nikon D3"", ""create_date"": ""2009:01:10 16:46:56"", ""lens_model"": """", ""iso"": ""200"", ""exposure_time"": ""1/200"", ""exposure_program"": ""Manual"", ""exposure_compensation"": ""-1/3"", ""aperture"": ""4.5"", ""focal_length"": ""105.0 mm"", ""focal_length_in35mm"": ""105 mm"", ""white_balance"": ""Manual"", ""metering_mode"": ""Multi-segment"", ""flash"": ""On, Return not detected"", ""pageid"": ""5682""}"
3191418316|70202166@N00|5682|Nikon D3|Nikon|70202166@N00_Nikon_642df163.json|"{""id"": ""3191418316"", ""owner"": ""70202166@N00"", ""title"": ""DSC_1615"", ""realname"": """", ""ownername"": ""黑麵之路‧不由分說"", ""datetaken"": ""2009-01-10 16:44:59"", ""max_width"": 1979, ""max_height"": 1317, ""url_max"": ""https://live.staticflickr.com/3458/3191418316_674d495995_k.jpg"", ""max_width_2000"": 1979, ""max_height_2000"": 1317, ""url_max_2000"": ""https://live.staticflickr.com/3458/3191418316_674d495995_k.jpg"", ""flickr_page"": ""https://www.flickr.com/photos/70202166@N00/3191418316"", ""camera"": ""Nikon D3"", ""create_date"": ""2009:01:10 16:44:59"", ""lens_model"": """", ""iso"": ""200"", ""exposure_time"": ""1/160"", ""exposure_program"": ""Manual"", ""exposure_compensation"": ""-1/3"", ""aperture"": ""4.0"", ""focal_length"": ""105.0 mm"", ""focal_length_in35mm"": ""105 mm"", ""white_balance"": ""Manual"", ""metering_mode"": ""Multi-segment"", ""flash"": ""On, Return not detected"", ""pageid"": ""5682""}"
3191417078|70202166@N00|5682|Nikon D3|Nikon|70202166@N00_Nikon_642df163.json|"{""id"": ""3191417078"", ""owner"": ""70202166@N00"", ""title"": ""DSC_1390"", ""realname"": """", ""ownername"": ""黑麵之路‧不由分說"", ""datetaken"": ""2009-01-10 15:29:19"", ""max_width"": 4256, ""max_height"": 2832, ""url_max"": ""https://live.staticflickr.com/3375/3191417078_1e876cc6c6_o.jpg"", ""max_width_2000"": 1363, ""max_height_2000"": 2048, ""url_max_2000"": ""https://live.staticflickr.com/3375/3191417078_4ad870ce30_k.jpg"", ""flickr_page"": ""https://www.flickr.com/photos/70202166@N00/3191417078"", ""camera"": ""Nikon D3"", ""create_date"": ""2009:01:10 15:29:19"", ""lens_model"": """", ""iso"": ""6400"", ""exposure_time"": ""1/125"", ""exposure_program"": ""Manual"", ""exposure_compensation"": ""-1/3"", ""aperture"": ""4.0"", ""focal_length"": ""35.0 mm"", ""focal_length_in35mm"": ""35 mm"", ""white_balance"": ""Manual"", ""metering_mode"": ""Multi-segment"", ""flash"": ""On, Return not detected"", ""pageid"": ""5682""}"
3191431468|70202166@N00|5682|Nikon D3|Nikon|70202166@N00_Nikon_642df163.json|"{""id"": ""3191431468"", ""owner"": ""70202166@N00"", ""title"": ""DSC_1393"", ""realname"": """", ""ownername"": ""黑麵之路‧不由分說"", ""datetaken"": ""2009-01-10 15:29:50"", ""max_width"": 4256, ""max_height"": 2832, ""url_max"": ""https://live.staticflickr.com/3460/3191431468_ec16d2d9ef_o.jpg"", ""max_width_2000"": 1363, ""max_height_2000"": 2048, ""url_max_2000"": ""https://live.staticflickr.com/3460/3191431468_7bc120ae43_k.jpg"", ""flickr_page"": ""https://www.flickr.com/photos/70202166@N00/3191431468"", ""camera"": ""Nikon D3"", ""create_date"": ""2009:01:10 15:29:50"", ""lens_model"": """", ""iso"": ""3200"", ""exposure_time"": ""1/50"", ""exposure_program"": ""Manual"", ""exposure_compensation"": ""-1/3"", ""aperture"": ""4.0"", ""focal_length"": ""35.0 mm"", ""focal_length_in35mm"": ""35 mm"", ""white_balance"": ""Manual"", ""metering_mode"": ""Multi-segment"", ""flash"": ""On, Return not detected"", ""pageid"": ""5682""}"
3191427218|70202166@N00|5682|Nikon D3|Nikon|70202166@N00_Nikon_642df163.json|"{""id"": ""3191427218"", ""owner"": ""70202166@N00"", ""title"": ""DSC_1392"", ""realname"": """", ""ownername"": ""黑麵之路‧不由分說"", ""datetaken"": ""2009-01-10 15:29:42"", ""max_width"": 4256, ""max_height"": 2832, ""url_max"": ""https://live.staticflickr.com/3256/3191427218_2a786a1a76_o.jpg"", ""max_width_2000"": 1363, ""max_height_2000"": 2048, ""url_max_2000"": ""https://live.staticflickr.com/3256/3191427218_3bf7a34e3f_k.jpg"", ""flickr_page"": ""https://www.flickr.com/photos/70202166@N00/3191427218"", ""camera"": ""Nikon D3"", ""create_date"": ""2009:01:10 15:29:42"", ""lens_model"": """", ""iso"": ""3200"", ""exposure_time"": ""1/50"", ""exposure_program"": ""Manual"", ""exposure_compensation"": ""-1/3"", ""aperture"": ""4.0"", ""focal_length"": ""35.0 mm"", ""focal_length_in35mm"": ""35 mm"", ""white_balance"": ""Manual"", ""metering_mode"": ""Multi-segment"", ""flash"": ""On, Return not detected"", ""pageid"": ""5682""}"
3191437210|70202166@N00|5682|Nikon D3|Nikon|70202166@N00_Nikon_642df163.json|"{""id"": ""3191437210"", ""owner"": ""70202166@N00"", ""title"": ""DSC_1394"", ""realname"": """", ""ownername"": ""黑麵之路‧不由分說"", ""datetaken"": ""2009-01-10 15:29:56"", ""max_width"": 4256, ""max_height"": 2832, ""url_max"": ""https://live.staticflickr.com/3075/3191437210_f080724406_o.jpg"", ""max_width_2000"": 1363, ""max_height_2000"": 2048, ""url_max_2000"": ""https://live.staticflickr.com/3075/3191437210_e98844047c_k.jpg"", ""flickr_page"": ""https://www.flickr.com/photos/70202166@N00/3191437210"", ""camera"": ""Nikon D3"", ""create_date"": ""2009:01:10 15:29:56"", ""lens_model"": """", ""iso"": ""3200"", ""exposure_time"": ""1/50"", ""exposure_program"": ""Manual"", ""exposure_compensation"": ""-1/3"", ""aperture"": ""4.0"", ""focal_length"": ""35.0 mm"", ""focal_length_in35mm"": ""35 mm"", ""white_balance"": ""Manual"", ""metering_mode"": ""Multi-segment"", ""flash"": ""On, Return not detected"", ""pageid"": ""5682""}"
3191442454|70202166@N00|5682|Nikon D3|Nikon|70202166@N00_Nikon_642df163.json|"{""id"": ""3191442454"", ""owner"": ""70202166@N00"", ""title"": ""DSC_1395"", ""realname"": """", ""ownername"": ""黑麵之路‧不由分說"", ""datetaken"": ""2009-01-10 15:30:06"", ""max_width"": 4256, ""max_height"": 2832, ""url_max"": ""https://live.staticflickr.com/3086/3191442454_3923cc6c57_o.jpg"", ""max_width_2000"": 1363, ""max_height_2000"": 2048, ""url_max_2000"": ""https://live.staticflickr.com/3086/3191442454_9b5a924fcf_k.jpg"", ""flickr_page"": ""https://www.flickr.com/photos/70202166@N00/3191442454"", ""camera"": ""Nikon D3"", ""create_date"": ""2009:01:10 15:30:06"", ""lens_model"": """", ""iso"": ""3200"", ""exposure_time"": ""1/50"", ""exposure_program"": ""Manual"", ""exposure_compensation"": ""-1/3"", ""aperture"": ""4.0"", ""focal_length"": ""35.0 mm"", ""focal_length_in35mm"": ""35 mm"", ""white_balance"": ""Manual"", ""metering_mode"": ""Multi-segment"", ""flash"": ""On, Return not detected"", ""pageid"": ""5682""}"
3191453018|70202166@N00|5682|Nikon D3|Nikon|70202166@N00_Nikon_642df163.json|"{""id"": ""3191453018"", ""owner"": ""70202166@N00"", ""title"": ""DSC_1397"", ""realname"": """", ""ownername"": ""黑麵之路‧不由分說"", ""datetaken"": ""2009-01-10 15:30:31"", ""max_width"": 4256, ""max_height"": 2832, ""url_max"": ""https://live.staticflickr.com/3430/3191453018_94db4cb45e_o.jpg"", ""max_width_2000"": 1363, ""max_height_2000"": 2048, ""url_max_2000"": ""https://live.staticflickr.com/3430/3191453018_f6ffbfa280_k.jpg"", ""flickr_page"": ""https://www.flickr.com/photos/70202166@N00/3191453018"", ""camera"": ""Nikon D3"", ""create_date"": ""2009:01:10 15:30:31"", ""lens_model"": """", ""iso"": ""3200"", ""exposure_time"": ""1/40"", ""exposure_program"": ""Manual"", ""exposure_compensation"": ""-1/3"", ""aperture"": ""3.5"", ""focal_length"": ""35.0 mm"", ""focal_length_in35mm"": ""35 mm"", ""white_balance"": ""Manual"", ""metering_mode"": ""Multi-segment"", ""flash"": ""On, Return not detected"", ""pageid"": ""5682""}"
3191496210|70202166@N00|5682|Nikon D3|Nikon|70202166@N00_Nikon_642df163.json|"{""id"": ""3191496210"", ""owner"": ""70202166@N00"", ""title"": ""DSC_1415"", ""realname"": """", ""ownername"": ""黑麵之路‧不由分說"", ""datetaken"": ""2009-01-10 15:34:39"", ""max_width"": 4256, ""max_height"": 2832, ""url_max"": ""https://live.staticflickr.com/3500/3191496210_991eba8eee_o.jpg"", ""max_width_2000"": 1363, ""max_height_2000"": 2048, ""url_max_2000"": ""https://live.staticflickr.com/3500/3191496210_e62de2bb69_k.jpg"", ""flickr_page"": ""https://www.flickr.com/photos/70202166@N00/3191496210"", ""camera"": ""Nikon D3"", ""create_date"": ""2009:01:10 15:34:39"", ""lens_model"": """", ""iso"": ""3200"", ""exposure_time"": ""1/30"", ""exposure_program"": ""Manual"", ""exposure_compensation"": ""-1/3"", ""aperture"": ""4.0"", ""focal_length"": ""35.0 mm"", ""focal_length_in35mm"": ""35 mm"", ""white_balance"": ""Manual"", ""metering_mode"": ""Multi-segment"", ""flash"": ""On, Return not detected"", ""pageid"": ""5682""}"
3191475168|70202166@N00|5682|Nikon D3|Nikon|70202166@N00_Nikon_642df163.json|"{""id"": ""3191475168"", ""owner"": ""70202166@N00"", ""title"": ""DSC_1401"", ""realname"": """", ""ownername"": ""黑麵之路‧不由分說"", ""datetaken"": ""2009-01-10 15:31:41"", ""max_width"": 4256, ""max_height"": 2832, ""url_max"": ""https://live.staticflickr.com/3489/3191475168_893cae99df_o.jpg"", ""max_width_2000"": 1363, ""max_height_2000"": 2048, ""url_max_2000"": ""https://live.staticflickr.com/3489/3191475168_5eb15891d0_k.jpg"", ""flickr_page"": ""https://www.flickr.com/photos/70202166@N00/3191475168"", ""camera"": ""Nikon D3"", ""create_date"": ""2009:01:10 15:31:41"", ""lens_model"": """", ""iso"": ""3200"", ""exposure_time"": ""1/30"", ""exposure_program"": ""Manual"", ""exposure_compensation"": ""-1/3"", ""aperture"": ""3.5"", ""focal_length"": ""24.0 mm"", ""focal_length_in35mm"": ""24 mm"", ""white_balance"": ""Manual"", ""metering_mode"": ""Multi-segment"", ""flash"": ""On, Return not detected"", ""pageid"": ""5682""}"
3191506310|70202166@N00|5682|Nikon D3|Nikon|70202166@N00_Nikon_642df163.json|"{""id"": ""3191506310"", ""owner"": ""70202166@N00"", ""title"": ""DSC_1422"", ""realname"": """", ""ownername"": ""黑麵之路‧不由分說"", ""datetaken"": ""2009-01-10 15:36:44"", ""max_width"": 4256, ""max_height"": 2832, ""url_max"": ""https://live.staticflickr.com/3351/3191506310_8af4bd4f4c_o.jpg"", ""max_width_2000"": 1600, ""max_height_2000"": 1065, ""url_max_2000"": ""https://live.staticflickr.com/3351/3191506310_6177a36a31_h.jpg"", ""flickr_page"": ""https://www.flickr.com/photos/70202166@N00/3191506310"", ""camera"": ""Nikon D3"", ""create_date"": ""2009:01:10 15:36:44"", ""lens_model"": """", ""iso"": ""3200"", ""exposure_time"": ""1/20"", ""exposure_program"": ""Manual"", ""exposure_compensation"": ""-1/3"", ""aperture"": ""2.8"", ""focal_length"": ""26.0 mm"", ""focal_length_in35mm"": ""26 mm"", ""white_balance"": ""Manual"", ""metering_mode"": ""Multi-segment"", ""flash"": ""No Flash"", ""pageid"": ""5682""}"
3191510672|70202166@N00|5682|Nikon D3|Nikon|70202166@N00_Nikon_642df163.json|"{""id"": ""3191510672"", ""owner"": ""70202166@N00"", ""title"": ""DSC_1423"", ""realname"": """", ""ownername"": ""黑麵之路‧不由分說"", ""datetaken"": ""2009-01-10 15:36:56"", ""max_width"": 4256, ""max_height"": 2832, ""url_max"": ""https://live.staticflickr.com/3340/3191510672_8b69cfe6b2_o.jpg"", ""max_width_2000"": 1600, ""max_height_2000"": 1065, ""url_max_2000"": ""https://live.staticflickr.com/3340/3191510672_0da902e429_h.jpg"", ""flickr_page"": ""https://www.flickr.com/photos/70202166@N00/3191510672"", ""camera"": ""Nikon D3"", ""create_date"": ""2009:01:10 15:36:56"", ""lens_model"": """", ""iso"": ""3200"", ""exposure_time"": ""1/13"", ""exposure_program"": ""Manual"", ""exposure_compensation"": ""-1/3"", ""aperture"": ""2.8"", ""focal_length"": ""26.0 mm"", ""focal_length_in35mm"": ""26 mm"", ""white_balance"": ""Manual"", ""metering_mode"": ""Multi-segment"", ""flash"": ""No Flash"", ""pageid"": ""5682""}"
3190560867|70202166@N00|5683|Nikon D3|Nikon|70202166@N00_Nikon_642df163.json|"{""id"": ""3190560867"", ""owner"": ""70202166@N00"", ""title"": ""DSC_1561"", ""realname"": """", ""ownername"": ""黑麵之路‧不由分說"", ""datetaken"": ""2009-01-10 16:35:00"", ""max_width"": 1811, ""max_height"": 1110, ""url_max"": ""https://live.staticflickr.com/3451/3190560867_2b78de4d4a_o.jpg"", ""max_width_2000"": 1811, ""max_height_2000"": 1110, ""url_max_2000"": ""https://live.staticflickr.com/3451/3190560867_2b78de4d4a_o.jpg"", ""flickr_page"": ""https://www.flickr.com/photos/70202166@N00/3190560867"", ""camera"": ""Nikon D3"", ""create_date"": ""2009:01:10 16:35:00"", ""lens_model"": """", ""iso"": ""200"", ""exposure_time"": ""1/200"", ""exposure_program"": ""Manual"", ""exposure_compensation"": ""-1/3"", ""aperture"": ""4.5"", ""focal_length"": ""105.0 mm"", ""focal_length_in35mm"": ""105 mm"", ""white_balance"": ""Manual"", ""metering_mode"": ""Multi-segment"", ""flash"": ""On, Return not detected"", ""pageid"": ""5683""}"
3190566477|70202166@N00|5683|Nikon D3|Nikon|70202166@N00_Nikon_642df163.json|"{""id"": ""3190566477"", ""owner"": ""70202166@N00"", ""title"": ""DSC_1598"", ""realname"": """", ""ownername"": ""黑麵之路‧不由分說"", ""datetaken"": ""2009-01-10 16:42:20"", ""max_width"": 1775, ""max_height"": 997, ""url_max"": ""https://live.staticflickr.com/3313/3190566477_c7114af37b_o.jpg"", ""max_width_2000"": 1775, ""max_height_2000"": 997, ""url_max_2000"": ""https://live.staticflickr.com/3313/3190566477_c7114af37b_o.jpg"", ""flickr_page"": ""https://www.flickr.com/photos/70202166@N00/3190566477"", ""camera"": ""Nikon D3"", ""create_date"": ""2009:01:10 16:42:20"", ""lens_model"": """", ""iso"": ""200"", ""exposure_time"": ""1/200"", ""exposure_program"": ""Manual"", ""exposure_compensation"": ""-1/3"", ""aperture"": ""4.0"", ""focal_length"": ""105.0 mm"", ""focal_length_in35mm"": ""105 mm"", ""white_balance"": ""Manual"", ""metering_mode"": ""Multi-segment"", ""flash"": ""On, Return not detected"", ""pageid"": ""5683""}"
3190562413|70202166@N00|5683|Nikon D3|Nikon|70202166@N00_Nikon_642df163.json|"{""id"": ""3190562413"", ""owner"": ""70202166@N00"", ""title"": ""DSC_1572"", ""realname"": """", ""ownername"": ""黑麵之路‧不由分說"", ""datetaken"": ""2009-01-10 16:36:05"", ""max_width"": 1317, ""max_height"": 1979, ""url_max"": ""https://live.staticflickr.com/3338/3190562413_3191ff2923_k.jpg"", ""max_width_2000"": 1317, ""max_height_2000"": 1979, ""url_max_2000"": ""https://live.staticflickr.com/3338/3190562413_3191ff2923_k.jpg"", ""flickr_page"": ""https://www.flickr.com/photos/70202166@N00/3190562413"", ""camera"": ""Nikon D3"", ""create_date"": ""2009:01:10 16:36:05"", ""lens_model"": """", ""iso"": ""200"", ""exposure_time"": ""1/125"", ""exposure_program"": ""Manual"", ""exposure_compensation"": ""-1/3"", ""aperture"": ""4.5"", ""focal_length"": ""105.0 mm"", ""focal_length_in35mm"": ""105 mm"", ""white_balance"": ""Manual"", ""metering_mode"": ""Multi-segment"", ""flash"": ""On, Return not detected"", ""pageid"": ""5683""}"
3190557865|70202166@N00|5683|Nikon D3|Nikon|70202166@N00_Nikon_642df163.json|"{""id"": ""3190557865"", ""owner"": ""70202166@N00"", ""title"": ""DSC_1529"", ""realname"": """", ""ownername"": ""黑麵之路‧不由分說"", ""datetaken"": ""2009-01-10 16:32:09"", ""max_width"": 1063, ""max_height"": 1531, ""url_max"": ""https://live.staticflickr.com/3512/3190557865_e4a318cadb_h.jpg"", ""max_width_2000"": 1063, ""max_height_2000"": 1531, ""url_max_2000"": ""https://live.staticflickr.com/3512/3190557865_e4a318cadb_h.jpg"", ""flickr_page"": ""https://www.flickr.com/photos/70202166@N00/3190557865"", ""camera"": ""Nikon D3"", ""create_date"": ""2009:01:10 16:32:09"", ""lens_model"": """", ""iso"": ""200"", ""exposure_time"": ""1/320"", ""exposure_program"": ""Manual"", ""exposure_compensation"": ""-1/3"", ""aperture"": ""4.0"", ""focal_length"": ""105.0 mm"", ""focal_length_in35mm"": ""105 mm"", ""white_balance"": ""Manual"", ""metering_mode"": ""Multi-segment"", ""flash"": ""On, Return not detected"", ""pageid"": ""5683""}"
3190554897|70202166@N00|5683|Nikon D3|Nikon|70202166@N00_Nikon_642df163.json|"{""id"": ""3190554897"", ""owner"": ""70202166@N00"", ""title"": ""DSC_1512"", ""realname"": """", ""ownername"": ""黑麵之路‧不由分說"", ""datetaken"": ""2009-01-10 16:29:17"", ""max_width"": 1896, ""max_height"": 841, ""url_max"": ""https://live.staticflickr.com/3474/3190554897_3aa2a18e7b_k.jpg"", ""max_width_2000"": 1896, ""max_height_2000"": 841, ""url_max_2000"": ""https://live.staticflickr.com/3474/3190554897_3aa2a18e7b_k.jpg"", ""flickr_page"": ""https://www.flickr.com/photos/70202166@N00/3190554897"", ""camera"": ""Nikon D3"", ""create_date"": ""2009:01:10 16:29:17"", ""lens_model"": """", ""iso"": ""200"", ""exposure_time"": ""1/250"", ""exposure_program"": ""Manual"", ""exposure_compensation"": ""-1/3"", ""aperture"": ""4.5"", ""focal_length"": ""105.0 mm"", ""focal_length_in35mm"": ""105 mm"", ""white_balance"": ""Manual"", ""metering_mode"": ""Multi-segment"", ""flash"": ""On, Return not detected"", ""pageid"": ""5683""}"
3190528559|70202166@N00|5683|Nikon D3|Nikon|70202166@N00_Nikon_642df163.json|"{""id"": ""3190528559"", ""owner"": ""70202166@N00"", ""title"": ""DSC_1379"", ""realname"": """", ""ownername"": ""黑麵之路‧不由分說"", ""datetaken"": ""2009-01-10 15:24:03"", ""max_width"": 4256, ""max_height"": 2832, ""url_max"": ""https://live.staticflickr.com/3088/3190528559_d4c919fd13_o.jpg"", ""max_width_2000"": 1363, ""max_height_2000"": 2048, ""url_max_2000"": ""https://live.staticflickr.com/3088/3190528559_1cd96c30ae_k.jpg"", ""flickr_page"": ""https://www.flickr.com/photos/70202166@N00/3190528559"", ""camera"": ""Nikon D3"", ""create_date"": ""2009:01:10 15:24:03"", ""lens_model"": """", ""iso"": ""3200"", ""exposure_time"": ""1/160"", ""exposure_program"": ""Manual"", ""exposure_compensation"": ""-1/3"", ""aperture"": ""4.0"", ""focal_length"": ""30.0 mm"", ""focal_length_in35mm"": ""30 mm"", ""white_balance"": ""Manual"", ""metering_mode"": ""Multi-segment"", ""flash"": ""On, Return not detected"", ""pageid"": ""5683""}"
3190523841|70202166@N00|5683|Nikon D3|Nikon|70202166@N00_Nikon_642df163.json|"{""id"": ""3190523841"", ""owner"": ""70202166@N00"", ""title"": ""DSC_1378"", ""realname"": """", ""ownername"": ""黑麵之路‧不由分說"", ""datetaken"": ""2009-01-10 15:23:40"", ""max_width"": 4256, ""max_height"": 2832, ""url_max"": ""https://live.staticflickr.com/3391/3190523841_5e304a63db_o.jpg"", ""max_width_2000"": 1363, ""max_height_2000"": 2048, ""url_max_2000"": ""https://live.staticflickr.com/3391/3190523841_c0d2c51b96_k.jpg"", ""flickr_page"": ""https://www.flickr.com/photos/70202166@N00/3190523841"", ""camera"": ""Nikon D3"", ""create_date"": ""2009:01:10 15:23:40"", ""lens_model"": """", ""iso"": ""3200"", ""exposure_time"": ""1/160"", ""exposure_program"": ""Manual"", ""exposure_compensation"": ""-1/3"", ""aperture"": ""4.0"", ""focal_length"": ""30.0 mm"", ""focal_length_in35mm"": ""30 mm"", ""white_balance"": ""Manual"", ""metering_mode"": ""Multi-segment"", ""flash"": ""On, Return not detected"", ""pageid"": ""5683""}"
3190557353|70202166@N00|5683|Nikon D3|Nikon|70202166@N00_Nikon_642df163.json|"{""id"": ""3190557353"", ""owner"": ""70202166@N00"", ""title"": ""DSC_1388"", ""realname"": """", ""ownername"": ""黑麵之路‧不由分說"", ""datetaken"": ""2009-01-10 15:28:51"", ""max_width"": 4256, ""max_height"": 2832, ""url_max"": ""https://live.staticflickr.com/3493/3190557353_b18e264fba_o.jpg"", ""max_width_2000"": 1363, ""max_height_2000"": 2048, ""url_max_2000"": ""https://live.staticflickr.com/3493/3190557353_3b9ee686dc_k.jpg"", ""flickr_page"": ""https://www.flickr.com/photos/70202166@N00/3190557353"", ""camera"": ""Nikon D3"", ""create_date"": ""2009:01:10 15:28:51"", ""lens_model"": """", ""iso"": ""6400"", ""exposure_time"": ""1/100"", ""exposure_program"": ""Manual"", ""exposure_compensation"": ""-1/3"", ""aperture"": ""4.0"", ""focal_length"": ""35.0 mm"", ""focal_length_in35mm"": ""35 mm"", ""white_balance"": ""Manual"", ""metering_mode"": ""Multi-segment"", ""flash"": ""On, Return not detected"", ""pageid"": ""5683""}"
3191380896|70202166@N00|5683|Nikon D3|Nikon|70202166@N00_Nikon_642df163.json|"{""id"": ""3191380896"", ""owner"": ""70202166@N00"", ""title"": ""DSC_1380"", ""realname"": """", ""ownername"": ""黑麵之路‧不由分說"", ""datetaken"": ""2009-01-10 15:24:15"", ""max_width"": 4256, ""max_height"": 2832, ""url_max"": ""https://live.staticflickr.com/3129/3191380896_9a7263d317_o.jpg"", ""max_width_2000"": 1363, ""max_height_2000"": 2048, ""url_max_2000"": ""https://live.staticflickr.com/3129/3191380896_6837fede0e_k.jpg"", ""flickr_page"": ""https://www.flickr.com/photos/70202166@N00/3191380896"", ""camera"": ""Nikon D3"", ""create_date"": ""2009:01:10 15:24:15"", ""lens_model"": """", ""iso"": ""3200"", ""exposure_time"": ""1/160"", ""exposure_program"": ""Manual"", ""exposure_compensation"": ""-1/3"", ""aperture"": ""4.0"", ""focal_length"": ""30.0 mm"", ""focal_length_in35mm"": ""30 mm"", ""white_balance"": ""Manual"", ""metering_mode"": ""Multi-segment"", ""flash"": ""On, Return not detected"", ""pageid"": ""5683""}"
3190550177|70202166@N00|5683|Nikon D3|Nikon|70202166@N00_Nikon_642df163.json|"{""id"": ""3190550177"", ""owner"": ""70202166@N00"", ""title"": ""DSC_1385"", ""realname"": """", ""ownername"": ""黑麵之路‧不由分說"", ""datetaken"": ""2009-01-10 15:26:19"", ""max_width"": 4256, ""max_height"": 2832, ""url_max"": ""https://live.staticflickr.com/3476/3190550177_7ae962b346_o.jpg"", ""max_width_2000"": 1363, ""max_height_2000"": 2048, ""url_max_2000"": ""https://live.staticflickr.com/3476/3190550177_300995e4ee_k.jpg"", ""flickr_page"": ""https://www.flickr.com/photos/70202166@N00/3190550177"", ""camera"": ""Nikon D3"", ""create_date"": ""2009:01:10 15:26:19"", ""lens_model"": """", ""iso"": ""1600"", ""exposure_time"": ""1/160"", ""exposure_program"": ""Manual"", ""exposure_compensation"": ""-1/3"", ""aperture"": ""4.0"", ""focal_length"": ""35.0 mm"", ""focal_length_in35mm"": ""35 mm"", ""white_balance"": ""Manual"", ""metering_mode"": ""Multi-segment"", ""flash"": ""On, Return not detected"", ""pageid"": ""5683""}"
3191407258|70202166@N00|5683|Nikon D3|Nikon|70202166@N00_Nikon_642df163.json|"{""id"": ""3191407258"", ""owner"": ""70202166@N00"", ""title"": ""DSC_1544"", ""realname"": """", ""ownername"": ""黑麵之路‧不由分說"", ""datetaken"": ""2009-01-10 16:33:15"", ""max_width"": 1317, ""max_height"": 1979, ""url_max"": ""https://live.staticflickr.com/3519/3191407258_ae1e32f860_k.jpg"", ""max_width_2000"": 1317, ""max_height_2000"": 1979, ""url_max_2000"": ""https://live.staticflickr.com/3519/3191407258_ae1e32f860_k.jpg"", ""flickr_page"": ""https://www.flickr.com/photos/70202166@N00/3191407258"", ""camera"": ""Nikon D3"", ""create_date"": ""2009:01:10 16:33:15"", ""lens_model"": """", ""iso"": ""200"", ""exposure_time"": ""1/200"", ""exposure_program"": ""Manual"", ""exposure_compensation"": ""-1/3"", ""aperture"": ""4.5"", ""focal_length"": ""105.0 mm"", ""focal_length_in35mm"": ""105 mm"", ""white_balance"": ""Manual"", ""metering_mode"": ""Multi-segment"", ""flash"": ""On, Return not detected"", ""pageid"": ""5683""}"
3191385318|70202166@N00|5683|Nikon D3|Nikon|70202166@N00_Nikon_642df163.json|"{""id"": ""3191385318"", ""owner"": ""70202166@N00"", ""title"": ""DSC_1381"", ""realname"": """", ""ownername"": ""黑麵之路‧不由分說"", ""datetaken"": ""2009-01-10 15:24:28"", ""max_width"": 4256, ""max_height"": 2832, ""url_max"": ""https://live.staticflickr.com/3110/3191385318_26c6111f14_o.jpg"", ""max_width_2000"": 1363, ""max_height_2000"": 2048, ""url_max_2000"": ""https://live.staticflickr.com/3110/3191385318_cf43a3a625_k.jpg"", ""flickr_page"": ""https://www.flickr.com/photos/70202166@N00/3191385318"", ""camera"": ""Nikon D3"", ""create_date"": ""2009:01:10 15:24:28"", ""lens_model"": """", ""iso"": ""3200"", ""exposure_time"": ""1/160"", ""exposure_program"": ""Manual"", ""exposure_compensation"": ""-1/3"", ""aperture"": ""4.0"", ""focal_length"": ""25.0 mm"", ""focal_length_in35mm"": ""25 mm"", ""white_balance"": ""Manual"", ""metering_mode"": ""Multi-segment"", ""flash"": ""On, Return not detected"", ""pageid"": ""5683""}"
3191400282|70202166@N00|5683|Nikon D3|Nikon|70202166@N00_Nikon_642df163.json|"{""id"": ""3191400282"", ""owner"": ""70202166@N00"", ""title"": ""DSC_1386"", ""realname"": """", ""ownername"": ""黑麵之路‧不由分說"", ""datetaken"": ""2009-01-10 15:28:26"", ""max_width"": 4256, ""max_height"": 2832, ""url_max"": ""https://live.staticflickr.com/3351/3191400282_b8f83de981_o.jpg"", ""max_width_2000"": 1363, ""max_height_2000"": 2048, ""url_max_2000"": ""https://live.staticflickr.com/3351/3191400282_926d7bad2e_k.jpg"", ""flickr_page"": ""https://www.flickr.com/photos/70202166@N00/3191400282"", ""camera"": ""Nikon D3"", ""create_date"": ""2009:01:10 15:28:26"", ""lens_model"": """", ""iso"": ""1600"", ""exposure_time"": ""1/160"", ""exposure_program"": ""Manual"", ""exposure_compensation"": ""-1/3"", ""aperture"": ""4.0"", ""focal_length"": ""35.0 mm"", ""focal_length_in35mm"": ""35 mm"", ""white_balance"": ""Manual"", ""metering_mode"": ""Multi-segment"", ""flash"": ""On, Return not detected"", ""pageid"": ""5683""}"
3191394622|70202166@N00|5683|Nikon D3|Nikon|70202166@N00_Nikon_642df163.json|"{""id"": ""3191394622"", ""owner"": ""70202166@N00"", ""title"": ""DSC_1384"", ""realname"": """", ""ownername"": ""黑麵之路‧不由分說"", ""datetaken"": ""2009-01-10 15:25:58"", ""max_width"": 4256, ""max_height"": 2832, ""url_max"": ""https://live.staticflickr.com/3080/3191394622_67c8f25674_o.jpg"", ""max_width_2000"": 1363, ""max_height_2000"": 2048, ""url_max_2000"": ""https://live.staticflickr.com/3080/3191394622_f3ce83c0a1_k.jpg"", ""flickr_page"": ""https://www.flickr.com/photos/70202166@N00/3191394622"", ""camera"": ""Nikon D3"", ""create_date"": ""2009:01:10 15:25:58"", ""lens_model"": """", ""iso"": ""3200"", ""exposure_time"": ""1/160"", ""exposure_program"": ""Manual"", ""exposure_compensation"": ""-1/3"", ""aperture"": ""4.0"", ""focal_length"": ""35.0 mm"", ""focal_length_in35mm"": ""35 mm"", ""white_balance"": ""Manual"", ""metering_mode"": ""Multi-segment"", ""flash"": ""On, Return not detected"", ""pageid"": ""5683""}"
3191405444|70202166@N00|5683|Nikon D3|Nikon|70202166@N00_Nikon_642df163.json|"{""id"": ""3191405444"", ""owner"": ""70202166@N00"", ""title"": ""DSC_1520"", ""realname"": """", ""ownername"": ""黑麵之路‧不由分說"", ""datetaken"": ""2009-01-10 16:30:53"", ""max_width"": 1945, ""max_height"": 997, ""url_max"": ""https://live.staticflickr.com/3478/3191405444_8b0228b9f6_k.jpg"", ""max_width_2000"": 1945, ""max_height_2000"": 997, ""url_max_2000"": ""https://live.staticflickr.com/3478/3191405444_8b0228b9f6_k.jpg"", ""flickr_page"": ""https://www.flickr.com/photos/70202166@N00/3191405444"", ""camera"": ""Nikon D3"", ""create_date"": ""2009:01:10 16:30:53"", ""lens_model"": """", ""iso"": ""200"", ""exposure_time"": ""1/400"", ""exposure_program"": ""Manual"", ""exposure_compensation"": ""-1/3"", ""aperture"": ""3.5"", ""focal_length"": ""105.0 mm"", ""focal_length_in35mm"": ""105 mm"", ""white_balance"": ""Manual"", ""metering_mode"": ""Multi-segment"", ""flash"": ""On, Return not detected"", ""pageid"": ""5683""}"
3191409858|70202166@N00|5683|Nikon D3|Nikon|70202166@N00_Nikon_642df163.json|"{""id"": ""3191409858"", ""owner"": ""70202166@N00"", ""title"": ""DSC_1569"", ""realname"": """", ""ownername"": ""黑麵之路‧不由分說"", ""datetaken"": ""2009-01-10 16:35:48"", ""max_width"": 1707, ""max_height"": 967, ""url_max"": ""https://live.staticflickr.com/3369/3191409858_d8a5e6ba71_o.jpg"", ""max_width_2000"": 1707, ""max_height_2000"": 967, ""url_max_2000"": ""https://live.staticflickr.com/3369/3191409858_d8a5e6ba71_o.jpg"", ""flickr_page"": ""https://www.flickr.com/photos/70202166@N00/3191409858"", ""camera"": ""Nikon D3"", ""create_date"": ""2009:01:10 16:35:48"", ""lens_model"": """", ""iso"": ""200"", ""exposure_time"": ""1/125"", ""exposure_program"": ""Manual"", ""exposure_compensation"": ""-1/3"", ""aperture"": ""4.5"", ""focal_length"": ""105.0 mm"", ""focal_length_in35mm"": ""105 mm"", ""white_balance"": ""Manual"", ""metering_mode"": ""Multi-segment"", ""flash"": ""On, Return not detected"", ""pageid"": ""5683""}"
3191404414|70202166@N00|5683|Nikon D3|Nikon|70202166@N00_Nikon_642df163.json|"{""id"": ""3191404414"", ""owner"": ""70202166@N00"", ""title"": ""DSC_1513"", ""realname"": """", ""ownername"": ""黑麵之路‧不由分說"", ""datetaken"": ""2009-01-10 16:29:36"", ""max_width"": 1809, ""max_height"": 1060, ""url_max"": ""https://live.staticflickr.com/3096/3191404414_500a852d74_o.jpg"", ""max_width_2000"": 1809, ""max_height_2000"": 1060, ""url_max_2000"": ""https://live.staticflickr.com/3096/3191404414_500a852d74_o.jpg"", ""flickr_page"": ""https://www.flickr.com/photos/70202166@N00/3191404414"", ""camera"": ""Nikon D3"", ""create_date"": ""2009:01:10 16:29:36"", ""lens_model"": """", ""iso"": ""200"", ""exposure_time"": ""1/250"", ""exposure_program"": ""Manual"", ""exposure_compensation"": ""-1/3"", ""aperture"": ""4.5"", ""focal_length"": ""105.0 mm"", ""focal_length_in35mm"": ""105 mm"", ""white_balance"": ""Manual"", ""metering_mode"": ""Multi-segment"", ""flash"": ""On, Return not detected"", ""pageid"": ""5683""}"
3191389782|70202166@N00|5683|Nikon D3|Nikon|70202166@N00_Nikon_642df163.json|"{""id"": ""3191389782"", ""owner"": ""70202166@N00"", ""title"": ""DSC_1382"", ""realname"": """", ""ownername"": ""黑麵之路‧不由分說"", ""datetaken"": ""2009-01-10 15:24:55"", ""max_width"": 4256, ""max_height"": 2832, ""url_max"": ""https://live.staticflickr.com/3406/3191389782_55d5cef4b1_o.jpg"", ""max_width_2000"": 1363, ""max_height_2000"": 2048, ""url_max_2000"": ""https://live.staticflickr.com/3406/3191389782_de923680cd_k.jpg"", ""flickr_page"": ""https://www.flickr.com/photos/70202166@N00/3191389782"", ""camera"": ""Nikon D3"", ""create_date"": ""2009:01:10 15:24:55"", ""lens_model"": """", ""iso"": ""3200"", ""exposure_time"": ""1/160"", ""exposure_program"": ""Manual"", ""exposure_compensation"": ""-1/3"", ""aperture"": ""4.0"", ""focal_length"": ""26.0 mm"", ""focal_length_in35mm"": ""26 mm"", ""white_balance"": ""Manual"", ""metering_mode"": ""Multi-segment"", ""flash"": ""On, Return not detected"", ""pageid"": ""5683""}"
3191411150|70202166@N00|5683|Nikon D3|Nikon|70202166@N00_Nikon_642df163.json|"{""id"": ""3191411150"", ""owner"": ""70202166@N00"", ""title"": ""DSC_1389"", ""realname"": """", ""ownername"": ""黑麵之路‧不由分說"", ""datetaken"": ""2009-01-10 15:29:07"", ""max_width"": 4256, ""max_height"": 2832, ""url_max"": ""https://live.staticflickr.com/3075/3191411150_5a2e5d027a_o.jpg"", ""max_width_2000"": 1363, ""max_height_2000"": 2048, ""url_max_2000"": ""https://live.staticflickr.com/3075/3191411150_845324ee69_k.jpg"", ""flickr_page"": ""https://www.flickr.com/photos/70202166@N00/3191411150"", ""camera"": ""Nikon D3"", ""create_date"": ""2009:01:10 15:29:07"", ""lens_model"": """", ""iso"": ""6400"", ""exposure_time"": ""1/100"", ""exposure_program"": ""Manual"", ""exposure_compensation"": ""-1/3"", ""aperture"": ""4.0"", ""focal_length"": ""35.0 mm"", ""focal_length_in35mm"": ""35 mm"", ""white_balance"": ""Manual"", ""metering_mode"": ""Multi-segment"", ""flash"": ""On, Return not detected"", ""pageid"": ""5683""}"
3191408350|70202166@N00|5683|Nikon D3|Nikon|70202166@N00_Nikon_642df163.json|"{""id"": ""3191408350"", ""owner"": ""70202166@N00"", ""title"": ""DSC_1555"", ""realname"": """", ""ownername"": ""黑麵之路‧不由分說"", ""datetaken"": ""2009-01-10 16:34:32"", ""max_width"": 1214, ""max_height"": 1785, ""url_max"": ""https://live.staticflickr.com/3116/3191408350_9326058496_o.jpg"", ""max_width_2000"": 1214, ""max_height_2000"": 1785, ""url_max_2000"": ""https://live.staticflickr.com/3116/3191408350_9326058496_o.jpg"", ""flickr_page"": ""https://www.flickr.com/photos/70202166@N00/3191408350"", ""camera"": ""Nikon D3"", ""create_date"": ""2009:01:10 16:34:32"", ""lens_model"": """", ""iso"": ""200"", ""exposure_time"": ""1/200"", ""exposure_program"": ""Manual"", ""exposure_compensation"": ""-1/3"", ""aperture"": ""4.5"", ""focal_length"": ""105.0 mm"", ""focal_length_in35mm"": ""105 mm"", ""white_balance"": ""Manual"", ""metering_mode"": ""Multi-segment"", ""flash"": ""On, Return not detected"", ""pageid"": ""5683""}"
3191413014|70202166@N00|5683|Nikon D3|Nikon|70202166@N00_Nikon_642df163.json|"{""id"": ""3191413014"", ""owner"": ""70202166@N00"", ""title"": ""DSC_1592"", ""realname"": """", ""ownername"": ""黑麵之路‧不由分說"", ""datetaken"": ""2009-01-10 16:41:14"", ""max_width"": 1896, ""max_height"": 808, ""url_max"": ""https://live.staticflickr.com/3331/3191413014_8700cd2eca_k.jpg"", ""max_width_2000"": 1896, ""max_height_2000"": 808, ""url_max_2000"": ""https://live.staticflickr.com/3331/3191413014_8700cd2eca_k.jpg"", ""flickr_page"": ""https://www.flickr.com/photos/70202166@N00/3191413014"", ""camera"": ""Nikon D3"", ""create_date"": ""2009:01:10 16:41:14"", ""lens_model"": """", ""iso"": ""200"", ""exposure_time"": ""1/125"", ""exposure_program"": ""Manual"", ""exposure_compensation"": ""-1/3"", ""aperture"": ""4.0"", ""focal_length"": ""105.0 mm"", ""focal_length_in35mm"": ""105 mm"", ""white_balance"": ""Manual"", ""metering_mode"": ""Multi-segment"", ""flash"": ""On, Return not detected"", ""pageid"": ""5683""}"
3191411552|70202166@N00|5683|Nikon D3|Nikon|70202166@N00_Nikon_642df163.json|"{""id"": ""3191411552"", ""owner"": ""70202166@N00"", ""title"": ""DSC_1577"", ""realname"": """", ""ownername"": ""黑麵之路‧不由分說"", ""datetaken"": ""2009-01-10 16:36:55"", ""max_width"": 1936, ""max_height"": 1492, ""url_max"": ""https://live.staticflickr.com/3267/3191411552_7844e9b776_k.jpg"", ""max_width_2000"": 1936, ""max_height_2000"": 1492, ""url_max_2000"": ""https://live.staticflickr.com/3267/3191411552_7844e9b776_k.jpg"", ""flickr_page"": ""https://www.flickr.com/photos/70202166@N00/3191411552"", ""camera"": ""Nikon D3"", ""create_date"": ""2009:01:10 16:36:55"", ""lens_model"": """", ""iso"": ""200"", ""exposure_time"": ""1/200"", ""exposure_program"": ""Manual"", ""exposure_compensation"": ""-1/3"", ""aperture"": ""4.5"", ""focal_length"": ""105.0 mm"", ""focal_length_in35mm"": ""105 mm"", ""white_balance"": ""Manual"", ""metering_mode"": ""Multi-segment"", ""flash"": ""On, Return not detected"", ""pageid"": ""5683""}"
3191414028|70202166@N00|5683|Nikon D3|Nikon|70202166@N00_Nikon_642df163.json|"{""id"": ""3191414028"", ""owner"": ""70202166@N00"", ""title"": ""DSC_1595"", ""realname"": """", ""ownername"": ""黑麵之路‧不由分說"", ""datetaken"": ""2009-01-10 16:41:53"", ""max_width"": 1755, ""max_height"": 875, ""url_max"": ""https://live.staticflickr.com/3480/3191414028_2770f35780_o.jpg"", ""max_width_2000"": 1755, ""max_height_2000"": 875, ""url_max_2000"": ""https://live.staticflickr.com/3480/3191414028_2770f35780_o.jpg"", ""flickr_page"": ""https://www.flickr.com/photos/70202166@N00/3191414028"", ""camera"": ""Nikon D3"", ""create_date"": ""2009:01:10 16:41:53"", ""lens_model"": """", ""iso"": ""200"", ""exposure_time"": ""1/200"", ""exposure_program"": ""Manual"", ""exposure_compensation"": ""-1/3"", ""aperture"": ""4.0"", ""focal_length"": ""105.0 mm"", ""focal_length_in35mm"": ""105 mm"", ""white_balance"": ""Manual"", ""metering_mode"": ""Multi-segment"", ""flash"": ""On, Return not detected"", ""pageid"": ""5683""}"
3191412528|70202166@N00|5683|Nikon D3|Nikon|70202166@N00_Nikon_642df163.json|"{""id"": ""3191412528"", ""owner"": ""70202166@N00"", ""title"": ""DSC_1585"", ""realname"": """", ""ownername"": ""黑麵之路‧不由分說"", ""datetaken"": ""2009-01-10 16:38:32"", ""max_width"": 1979, ""max_height"": 1317, ""url_max"": ""https://live.staticflickr.com/3515/3191412528_f013694c06_k.jpg"", ""max_width_2000"": 1979, ""max_height_2000"": 1317, ""url_max_2000"": ""https://live.staticflickr.com/3515/3191412528_f013694c06_k.jpg"", ""flickr_page"": ""https://www.flickr.com/photos/70202166@N00/3191412528"", ""camera"": ""Nikon D3"", ""create_date"": ""2009:01:10 16:38:32"", ""lens_model"": """", ""iso"": ""200"", ""exposure_time"": ""1/125"", ""exposure_program"": ""Manual"", ""exposure_compensation"": ""-1/3"", ""aperture"": ""4.5"", ""focal_length"": ""105.0 mm"", ""focal_length_in35mm"": ""105 mm"", ""white_balance"": ""Manual"", ""metering_mode"": ""Multi-segment"", ""flash"": ""On, Return not detected"", ""pageid"": ""5683""}"
3191413528|70202166@N00|5683|Nikon D3|Nikon|70202166@N00_Nikon_642df163.json|"{""id"": ""3191413528"", ""owner"": ""70202166@N00"", ""title"": ""DSC_1594"", ""realname"": """", ""ownername"": ""黑麵之路‧不由分說"", ""datetaken"": ""2009-01-10 16:41:43"", ""max_width"": 1494, ""max_height"": 812, ""url_max"": ""https://live.staticflickr.com/3451/3191413528_e256db1edd_h.jpg"", ""max_width_2000"": 1494, ""max_height_2000"": 812, ""url_max_2000"": ""https://live.staticflickr.com/3451/3191413528_e256db1edd_h.jpg"", ""flickr_page"": ""https://www.flickr.com/photos/70202166@N00/3191413528"", ""camera"": ""Nikon D3"", ""create_date"": ""2009:01:10 16:41:43"", ""lens_model"": """", ""iso"": ""200"", ""exposure_time"": ""1/200"", ""exposure_program"": ""Manual"", ""exposure_compensation"": ""-1/3"", ""aperture"": ""4.0"", ""focal_length"": ""105.0 mm"", ""focal_length_in35mm"": ""105 mm"", ""white_balance"": ""Manual"", ""metering_mode"": ""Multi-segment"", ""flash"": ""On, Return not detected"", ""pageid"": ""5683""}"
3190438491|70202166@N00|5684|Nikon D3|Nikon|70202166@N00_Nikon_642df163.json|"{""id"": ""3190438491"", ""owner"": ""70202166@N00"", ""title"": ""DSC_1336"", ""realname"": """", ""ownername"": ""黑麵之路‧不由分說"", ""datetaken"": ""2009-01-10 15:13:39"", ""max_width"": 4256, ""max_height"": 2832, ""url_max"": ""https://live.staticflickr.com/3357/3190438491_7ec37f08c6_o.jpg"", ""max_width_2000"": 1363, ""max_height_2000"": 2048, ""url_max_2000"": ""https://live.staticflickr.com/3357/3190438491_4791a26328_k.jpg"", ""flickr_page"": ""https://www.flickr.com/photos/70202166@N00/3190438491"", ""camera"": ""Nikon D3"", ""create_date"": ""2009:01:10 15:13:39"", ""lens_model"": """", ""iso"": ""800"", ""exposure_time"": ""1/200"", ""exposure_program"": ""Manual"", ""exposure_compensation"": ""-1/3"", ""aperture"": ""4.0"", ""focal_length"": ""17.0 mm"", ""focal_length_in35mm"": ""17 mm"", ""white_balance"": ""Manual"", ""metering_mode"": ""Multi-segment"", ""flash"": ""On, Return not detected"", ""pageid"": ""5684""}"
3190495469|70202166@N00|5684|Nikon D3|Nikon|70202166@N00_Nikon_642df163.json|"{""id"": ""3190495469"", ""owner"": ""70202166@N00"", ""title"": ""DSC_1371"", ""realname"": """", ""ownername"": ""黑麵之路‧不由分說"", ""datetaken"": ""2009-01-10 15:19:47"", ""max_width"": 4256, ""max_height"": 2832, ""url_max"": ""https://live.staticflickr.com/3105/3190495469_d6337dd4c5_o.jpg"", ""max_width_2000"": 1363, ""max_height_2000"": 2048, ""url_max_2000"": ""https://live.staticflickr.com/3105/3190495469_b68f317e66_k.jpg"", ""flickr_page"": ""https://www.flickr.com/photos/70202166@N00/3190495469"", ""camera"": ""Nikon D3"", ""create_date"": ""2009:01:10 15:19:47"", ""lens_model"": """", ""iso"": ""800"", ""exposure_time"": ""1/160"", ""exposure_program"": ""Manual"", ""exposure_compensation"": ""-1/3"", ""aperture"": ""4.0"", ""focal_length"": ""35.0 mm"", ""focal_length_in35mm"": ""35 mm"", ""white_balance"": ""Manual"", ""metering_mode"": ""Multi-segment"", ""flash"": ""On, Return not detected"", ""pageid"": ""5684""}"
3190486409|70202166@N00|5684|Nikon D3|Nikon|70202166@N00_Nikon_642df163.json|"{""id"": ""3190486409"", ""owner"": ""70202166@N00"", ""title"": ""DSC_1368"", ""realname"": """", ""ownername"": ""黑麵之路‧不由分說"", ""datetaken"": ""2009-01-10 15:18:42"", ""max_width"": 4256, ""max_height"": 2832, ""url_max"": ""https://live.staticflickr.com/3342/3190486409_0e3cf32f59_o.jpg"", ""max_width_2000"": 1600, ""max_height_2000"": 1065, ""url_max_2000"": ""https://live.staticflickr.com/3342/3190486409_9f4bc82e6f_h.jpg"", ""flickr_page"": ""https://www.flickr.com/photos/70202166@N00/3190486409"", ""camera"": ""Nikon D3"", ""create_date"": ""2009:01:10 15:18:42"", ""lens_model"": """", ""iso"": ""800"", ""exposure_time"": ""1/125"", ""exposure_program"": ""Manual"", ""exposure_compensation"": ""-1/3"", ""aperture"": ""4.0"", ""focal_length"": ""22.0 mm"", ""focal_length_in35mm"": ""22 mm"", ""white_balance"": ""Manual"", ""metering_mode"": ""Multi-segment"", ""flash"": ""On, Return not detected"", ""pageid"": ""5684""}"
3190442605|70202166@N00|5684|Nikon D3|Nikon|70202166@N00_Nikon_642df163.json|"{""id"": ""3190442605"", ""owner"": ""70202166@N00"", ""title"": ""DSC_1337"", ""realname"": """", ""ownername"": ""黑麵之路‧不由分說"", ""datetaken"": ""2009-01-10 15:13:42"", ""max_width"": 4256, ""max_height"": 2832, ""url_max"": ""https://live.staticflickr.com/3474/3190442605_dccb90d8b1_o.jpg"", ""max_width_2000"": 1363, ""max_height_2000"": 2048, ""url_max_2000"": ""https://live.staticflickr.com/3474/3190442605_d7776eddfd_k.jpg"", ""flickr_page"": ""https://www.flickr.com/photos/70202166@N00/3190442605"", ""camera"": ""Nikon D3"", ""create_date"": ""2009:01:10 15:13:42"", ""lens_model"": """", ""iso"": ""800"", ""exposure_time"": ""1/200"", ""exposure_program"": ""Manual"", ""exposure_compensation"": ""-1/3"", ""aperture"": ""4.0"", ""focal_length"": ""17.0 mm"", ""focal_length_in35mm"": ""17 mm"", ""white_balance"": ""Manual"", ""metering_mode"": ""Multi-segment"", ""flash"": ""On, Return not detected"", ""pageid"": ""5684""}"
3190469011|70202166@N00|5684|Nikon D3|Nikon|70202166@N00_Nikon_642df163.json|"{""id"": ""3190469011"", ""owner"": ""70202166@N00"", ""title"": ""DSC_1347"", ""realname"": """", ""ownername"": ""黑麵之路‧不由分說"", ""datetaken"": ""2009-01-10 15:14:51"", ""max_width"": 4256, ""max_height"": 2832, ""url_max"": ""https://live.staticflickr.com/3332/3190469011_a32065c214_o.jpg"", ""max_width_2000"": 1600, ""max_height_2000"": 1065, ""url_max_2000"": ""https://live.staticflickr.com/3332/3190469011_0497564c2b_h.jpg"", ""flickr_page"": ""https://www.flickr.com/photos/70202166@N00/3190469011"", ""camera"": ""Nikon D3"", ""create_date"": ""2009:01:10 15:14:51"", ""lens_model"": """", ""iso"": ""800"", ""exposure_time"": ""1/200"", ""exposure_program"": ""Manual"", ""exposure_compensation"": ""-1/3"", ""aperture"": ""4.0"", ""focal_length"": ""17.0 mm"", ""focal_length_in35mm"": ""17 mm"", ""white_balance"": ""Manual"", ""metering_mode"": ""Multi-segment"", ""flash"": ""On, Return not detected"", ""pageid"": ""5684""}"
3190434759|70202166@N00|5684|Nikon D3|Nikon|70202166@N00_Nikon_642df163.json|"{""id"": ""3190434759"", ""owner"": ""70202166@N00"", ""title"": ""DSC_1335"", ""realname"": """", ""ownername"": ""黑麵之路‧不由分說"", ""datetaken"": ""2009-01-10 15:13:36"", ""max_width"": 4256, ""max_height"": 2832, ""url_max"": ""https://live.staticflickr.com/3420/3190434759_0706163b11_o.jpg"", ""max_width_2000"": 1363, ""max_height_2000"": 2048, ""url_max_2000"": ""https://live.staticflickr.com/3420/3190434759_e432c13ca6_k.jpg"", ""flickr_page"": ""https://www.flickr.com/photos/70202166@N00/3190434759"", ""camera"": ""Nikon D3"", ""create_date"": ""2009:01:10 15:13:36"", ""lens_model"": """", ""iso"": ""800"", ""exposure_time"": ""1/200"", ""exposure_program"": ""Manual"", ""exposure_compensation"": ""-1/3"", ""aperture"": ""4.0"", ""focal_length"": ""17.0 mm"", ""focal_length_in35mm"": ""17 mm"", ""white_balance"": ""Manual"", ""metering_mode"": ""Multi-segment"", ""flash"": ""On, Return not detected"", ""pageid"": ""5684""}"
3190461339|70202166@N00|5684|Nikon D3|Nikon|70202166@N00_Nikon_642df163.json|"{""id"": ""3190461339"", ""owner"": ""70202166@N00"", ""title"": ""DSC_1345"", ""realname"": """", ""ownername"": ""黑麵之路‧不由分說"", ""datetaken"": ""2009-01-10 15:14:43"", ""max_width"": 4256, ""max_height"": 2832, ""url_max"": ""https://live.staticflickr.com/3316/3190461339_e32a678b67_o.jpg"", ""max_width_2000"": 1363, ""max_height_2000"": 2048, ""url_max_2000"": ""https://live.staticflickr.com/3316/3190461339_a62e93678f_k.jpg"", ""flickr_page"": ""https://www.flickr.com/photos/70202166@N00/3190461339"", ""camera"": ""Nikon D3"", ""create_date"": ""2009:01:10 15:14:43"", ""lens_model"": """", ""iso"": ""800"", ""exposure_time"": ""1/200"", ""exposure_program"": ""Manual"", ""exposure_compensation"": ""-1/3"", ""aperture"": ""4.0"", ""focal_length"": ""24.0 mm"", ""focal_length_in35mm"": ""24 mm"", ""white_balance"": ""Manual"", ""metering_mode"": ""Multi-segment"", ""flash"": ""On, Return not detected"", ""pageid"": ""5684""}"
3190491239|70202166@N00|5684|Nikon D3|Nikon|70202166@N00_Nikon_642df163.json|"{""id"": ""3190491239"", ""owner"": ""70202166@N00"", ""title"": ""DSC_1370"", ""realname"": """", ""ownername"": ""黑麵之路‧不由分說"", ""datetaken"": ""2009-01-10 15:19:43"", ""max_width"": 4256, ""max_height"": 2832, ""url_max"": ""https://live.staticflickr.com/3484/3190491239_14e8065feb_o.jpg"", ""max_width_2000"": 1363, ""max_height_2000"": 2048, ""url_max_2000"": ""https://live.staticflickr.com/3484/3190491239_12b0e9f274_k.jpg"", ""flickr_page"": ""https://www.flickr.com/photos/70202166@N00/3190491239"", ""camera"": ""Nikon D3"", ""create_date"": ""2009:01:10 15:19:43"", ""lens_model"": """", ""iso"": ""800"", ""exposure_time"": ""1/160"", ""exposure_program"": ""Manual"", ""exposure_compensation"": ""-1/3"", ""aperture"": ""4.0"", ""focal_length"": ""35.0 mm"", ""focal_length_in35mm"": ""35 mm"", ""white_balance"": ""Manual"", ""metering_mode"": ""Multi-segment"", ""flash"": ""On, Return not detected"", ""pageid"": ""5684""}"
3190458019|70202166@N00|5684|Nikon D3|Nikon|70202166@N00_Nikon_642df163.json|"{""id"": ""3190458019"", ""owner"": ""70202166@N00"", ""title"": ""DSC_1341"", ""realname"": """", ""ownername"": ""黑麵之路‧不由分說"", ""datetaken"": ""2009-01-10 15:14:07"", ""max_width"": 4256, ""max_height"": 2832, ""url_max"": ""https://live.staticflickr.com/3304/3190458019_3e7201c0d4_o.jpg"", ""max_width_2000"": 1363, ""max_height_2000"": 2048, ""url_max_2000"": ""https://live.staticflickr.com/3304/3190458019_c64433c605_k.jpg"", ""flickr_page"": ""https://www.flickr.com/photos/70202166@N00/3190458019"", ""camera"": ""Nikon D3"", ""create_date"": ""2009:01:10 15:14:07"", ""lens_model"": """", ""iso"": ""800"", ""exposure_time"": ""1/200"", ""exposure_program"": ""Manual"", ""exposure_compensation"": ""-1/3"", ""aperture"": ""4.0"", ""focal_length"": ""35.0 mm"", ""focal_length_in35mm"": ""35 mm"", ""white_balance"": ""Manual"", ""metering_mode"": ""Multi-segment"", ""flash"": ""On, Return not detected"", ""pageid"": ""5684""}"
3190500761|70202166@N00|5684|Nikon D3|Nikon|70202166@N00_Nikon_642df163.json|"{""id"": ""3190500761"", ""owner"": ""70202166@N00"", ""title"": ""DSC_1372"", ""realname"": """", ""ownername"": ""黑麵之路‧不由分說"", ""datetaken"": ""2009-01-10 15:20:10"", ""max_width"": 4256, ""max_height"": 2832, ""url_max"": ""https://live.staticflickr.com/3125/3190500761_4287cdf238_o.jpg"", ""max_width_2000"": 1363, ""max_height_2000"": 2048, ""url_max_2000"": ""https://live.staticflickr.com/3125/3190500761_f7492bc52d_k.jpg"", ""flickr_page"": ""https://www.flickr.com/photos/70202166@N00/3190500761"", ""camera"": ""Nikon D3"", ""create_date"": ""2009:01:10 15:20:10"", ""lens_model"": """", ""iso"": ""800"", ""exposure_time"": ""1/160"", ""exposure_program"": ""Manual"", ""exposure_compensation"": ""-1/3"", ""aperture"": ""4.0"", ""focal_length"": ""25.0 mm"", ""focal_length_in35mm"": ""25 mm"", ""white_balance"": ""Manual"", ""metering_mode"": ""Multi-segment"", ""flash"": ""On, Return not detected"", ""pageid"": ""5684""}"
3190506357|70202166@N00|5684|Nikon D3|Nikon|70202166@N00_Nikon_642df163.json|"{""id"": ""3190506357"", ""owner"": ""70202166@N00"", ""title"": ""DSC_1373"", ""realname"": """", ""ownername"": ""黑麵之路‧不由分說"", ""datetaken"": ""2009-01-10 15:20:13"", ""max_width"": 4256, ""max_height"": 2832, ""url_max"": ""https://live.staticflickr.com/3123/3190506357_1cd6241333_o.jpg"", ""max_width_2000"": 1363, ""max_height_2000"": 2048, ""url_max_2000"": ""https://live.staticflickr.com/3123/3190506357_7a3b17b1e3_k.jpg"", ""flickr_page"": ""https://www.flickr.com/photos/70202166@N00/3190506357"", ""camera"": ""Nikon D3"", ""create_date"": ""2009:01:10 15:20:13"", ""lens_model"": """", ""iso"": ""800"", ""exposure_time"": ""1/160"", ""exposure_program"": ""Manual"", ""exposure_compensation"": ""-1/3"", ""aperture"": ""4.0"", ""focal_length"": ""24.0 mm"", ""focal_length_in35mm"": ""24 mm"", ""white_balance"": ""Manual"", ""metering_mode"": ""Multi-segment"", ""flash"": ""On, Return not detected"", ""pageid"": ""5684""}"
3191272012|70202166@N00|5684|Nikon D3|Nikon|70202166@N00_Nikon_642df163.json|"{""id"": ""3191272012"", ""owner"": ""70202166@N00"", ""title"": ""DSC_1330"", ""realname"": """", ""ownername"": ""黑麵之路‧不由分說"", ""datetaken"": ""2009-01-10 15:12:47"", ""max_width"": 4256, ""max_height"": 2832, ""url_max"": ""https://live.staticflickr.com/3357/3191272012_71fef884cd_o.jpg"", ""max_width_2000"": 1363, ""max_height_2000"": 2048, ""url_max_2000"": ""https://live.staticflickr.com/3357/3191272012_4a781842f4_k.jpg"", ""flickr_page"": ""https://www.flickr.com/photos/70202166@N00/3191272012"", ""camera"": ""Nikon D3"", ""create_date"": ""2009:01:10 15:12:47"", ""lens_model"": """", ""iso"": ""800"", ""exposure_time"": ""1/125"", ""exposure_program"": ""Manual"", ""exposure_compensation"": ""-1/3"", ""aperture"": ""4.0"", ""focal_length"": ""25.0 mm"", ""focal_length_in35mm"": ""25 mm"", ""white_balance"": ""Manual"", ""metering_mode"": ""Multi-segment"", ""flash"": ""On, Return not detected"", ""pageid"": ""5684""}"
3190511551|70202166@N00|5684|Nikon D3|Nikon|70202166@N00_Nikon_642df163.json|"{""id"": ""3190511551"", ""owner"": ""70202166@N00"", ""title"": ""DSC_1374"", ""realname"": """", ""ownername"": ""黑麵之路‧不由分說"", ""datetaken"": ""2009-01-10 15:20:15"", ""max_width"": 4256, ""max_height"": 2832, ""url_max"": ""https://live.staticflickr.com/3084/3190511551_2fc4279a21_o.jpg"", ""max_width_2000"": 1363, ""max_height_2000"": 2048, ""url_max_2000"": ""https://live.staticflickr.com/3084/3190511551_a63a3a2d08_k.jpg"", ""flickr_page"": ""https://www.flickr.com/photos/70202166@N00/3190511551"", ""camera"": ""Nikon D3"", ""create_date"": ""2009:01:10 15:20:15"", ""lens_model"": """", ""iso"": ""800"", ""exposure_time"": ""1/160"", ""exposure_program"": ""Manual"", ""exposure_compensation"": ""-1/3"", ""aperture"": ""4.0"", ""focal_length"": ""25.0 mm"", ""focal_length_in35mm"": ""25 mm"", ""white_balance"": ""Manual"", ""metering_mode"": ""Multi-segment"", ""flash"": ""On, Return not detected"", ""pageid"": ""5684""}"
3191295250|70202166@N00|5684|Nikon D3|Nikon|70202166@N00_Nikon_642df163.json|"{""id"": ""3191295250"", ""owner"": ""70202166@N00"", ""title"": ""DSC_1338"", ""realname"": """", ""ownername"": ""黑麵之路‧不由分說"", ""datetaken"": ""2009-01-10 15:13:44"", ""max_width"": 4256, ""max_height"": 2832, ""url_max"": ""https://live.staticflickr.com/3112/3191295250_511b620e8c_o.jpg"", ""max_width_2000"": 1363, ""max_height_2000"": 2048, ""url_max_2000"": ""https://live.staticflickr.com/3112/3191295250_4083757579_k.jpg"", ""flickr_page"": ""https://www.flickr.com/photos/70202166@N00/3191295250"", ""camera"": ""Nikon D3"", ""create_date"": ""2009:01:10 15:13:44"", ""lens_model"": """", ""iso"": ""800"", ""exposure_time"": ""1/200"", ""exposure_program"": ""Manual"", ""exposure_compensation"": ""-1/3"", ""aperture"": ""4.0"", ""focal_length"": ""17.0 mm"", ""focal_length_in35mm"": ""17 mm"", ""white_balance"": ""Manual"", ""metering_mode"": ""Multi-segment"", ""flash"": ""On, Return not detected"", ""pageid"": ""5684""}"
3190520105|70202166@N00|5684|Nikon D3|Nikon|70202166@N00_Nikon_642df163.json|"{""id"": ""3190520105"", ""owner"": ""70202166@N00"", ""title"": ""DSC_1377"", ""realname"": """", ""ownername"": ""黑麵之路‧不由分說"", ""datetaken"": ""2009-01-10 15:23:24"", ""max_width"": 4256, ""max_height"": 2832, ""url_max"": ""https://live.staticflickr.com/3129/3190520105_97166c9ba5_o.jpg"", ""max_width_2000"": 1363, ""max_height_2000"": 2048, ""url_max_2000"": ""https://live.staticflickr.com/3129/3190520105_90de05bde7_k.jpg"", ""flickr_page"": ""https://www.flickr.com/photos/70202166@N00/3190520105"", ""camera"": ""Nikon D3"", ""create_date"": ""2009:01:10 15:23:24"", ""lens_model"": """", ""iso"": ""800"", ""exposure_time"": ""1/160"", ""exposure_program"": ""Manual"", ""exposure_compensation"": ""-1/3"", ""aperture"": ""4.0"", ""focal_length"": ""30.0 mm"", ""focal_length_in35mm"": ""30 mm"", ""white_balance"": ""Manual"", ""metering_mode"": ""Multi-segment"", ""flash"": ""On, Return not detected"", ""pageid"": ""5684""}"
3191279782|70202166@N00|5684|Nikon D3|Nikon|70202166@N00_Nikon_642df163.json|"{""id"": ""3191279782"", ""owner"": ""70202166@N00"", ""title"": ""DSC_1334"", ""realname"": """", ""ownername"": ""黑麵之路‧不由分說"", ""datetaken"": ""2009-01-10 15:13:30"", ""max_width"": 4256, ""max_height"": 2832, ""url_max"": ""https://live.staticflickr.com/3416/3191279782_c41ebb61e0_o.jpg"", ""max_width_2000"": 1363, ""max_height_2000"": 2048, ""url_max_2000"": ""https://live.staticflickr.com/3416/3191279782_f74d29d39b_k.jpg"", ""flickr_page"": ""https://www.flickr.com/photos/70202166@N00/3191279782"", ""camera"": ""Nikon D3"", ""create_date"": ""2009:01:10 15:13:30"", ""lens_model"": """", ""iso"": ""800"", ""exposure_time"": ""1/200"", ""exposure_program"": ""Manual"", ""exposure_compensation"": ""-1/3"", ""aperture"": ""4.0"", ""focal_length"": ""17.0 mm"", ""focal_length_in35mm"": ""17 mm"", ""white_balance"": ""Manual"", ""metering_mode"": ""Multi-segment"", ""flash"": ""On, Return not detected"", ""pageid"": ""5684""}"
3191275870|70202166@N00|5684|Nikon D3|Nikon|70202166@N00_Nikon_642df163.json|"{""id"": ""3191275870"", ""owner"": ""70202166@N00"", ""title"": ""DSC_1331"", ""realname"": """", ""ownername"": ""黑麵之路‧不由分說"", ""datetaken"": ""2009-01-10 15:12:50"", ""max_width"": 4256, ""max_height"": 2832, ""url_max"": ""https://live.staticflickr.com/3410/3191275870_6e9081e854_o.jpg"", ""max_width_2000"": 1363, ""max_height_2000"": 2048, ""url_max_2000"": ""https://live.staticflickr.com/3410/3191275870_7d2d5b2c33_k.jpg"", ""flickr_page"": ""https://www.flickr.com/photos/70202166@N00/3191275870"", ""camera"": ""Nikon D3"", ""create_date"": ""2009:01:10 15:12:50"", ""lens_model"": """", ""iso"": ""800"", ""exposure_time"": ""1/125"", ""exposure_program"": ""Manual"", ""exposure_compensation"": ""-1/3"", ""aperture"": ""4.0"", ""focal_length"": ""26.0 mm"", ""focal_length_in35mm"": ""26 mm"", ""white_balance"": ""Manual"", ""metering_mode"": ""Multi-segment"", ""flash"": ""On, Return not detected"", ""pageid"": ""5684""}"
3191299672|70202166@N00|5684|Nikon D3|Nikon|70202166@N00_Nikon_642df163.json|"{""id"": ""3191299672"", ""owner"": ""70202166@N00"", ""title"": ""DSC_1339"", ""realname"": """", ""ownername"": ""黑麵之路‧不由分說"", ""datetaken"": ""2009-01-10 15:13:50"", ""max_width"": 4256, ""max_height"": 2832, ""url_max"": ""https://live.staticflickr.com/3325/3191299672_d64c5640af_o.jpg"", ""max_width_2000"": 1363, ""max_height_2000"": 2048, ""url_max_2000"": ""https://live.staticflickr.com/3325/3191299672_eca586a364_k.jpg"", ""flickr_page"": ""https://www.flickr.com/photos/70202166@N00/3191299672"", ""camera"": ""Nikon D3"", ""create_date"": ""2009:01:10 15:13:50"", ""lens_model"": """", ""iso"": ""800"", ""exposure_time"": ""1/200"", ""exposure_program"": ""Manual"", ""exposure_compensation"": ""-1/3"", ""aperture"": ""4.0"", ""focal_length"": ""17.0 mm"", ""focal_length_in35mm"": ""17 mm"", ""white_balance"": ""Manual"", ""metering_mode"": ""Multi-segment"", ""flash"": ""On, Return not detected"", ""pageid"": ""5684""}"
3191313520|70202166@N00|5684|Nikon D3|Nikon|70202166@N00_Nikon_642df163.json|"{""id"": ""3191313520"", ""owner"": ""70202166@N00"", ""title"": ""DSC_1346"", ""realname"": """", ""ownername"": ""黑麵之路‧不由分說"", ""datetaken"": ""2009-01-10 15:14:46"", ""max_width"": 4256, ""max_height"": 2832, ""url_max"": ""https://live.staticflickr.com/3384/3191313520_c9db4f7f90_o.jpg"", ""max_width_2000"": 1363, ""max_height_2000"": 2048, ""url_max_2000"": ""https://live.staticflickr.com/3384/3191313520_930bbbde33_k.jpg"", ""flickr_page"": ""https://www.flickr.com/photos/70202166@N00/3191313520"", ""camera"": ""Nikon D3"", ""create_date"": ""2009:01:10 15:14:46"", ""lens_model"": """", ""iso"": ""800"", ""exposure_time"": ""1/200"", ""exposure_program"": ""Manual"", ""exposure_compensation"": ""-1/3"", ""aperture"": ""4.0"", ""focal_length"": ""24.0 mm"", ""focal_length_in35mm"": ""24 mm"", ""white_balance"": ""Manual"", ""metering_mode"": ""Multi-segment"", ""flash"": ""On, Return not detected"", ""pageid"": ""5684""}"
3191303396|70202166@N00|5684|Nikon D3|Nikon|70202166@N00_Nikon_642df163.json|"{""id"": ""3191303396"", ""owner"": ""70202166@N00"", ""title"": ""DSC_1340"", ""realname"": """", ""ownername"": ""黑麵之路‧不由分說"", ""datetaken"": ""2009-01-10 15:13:56"", ""max_width"": 4256, ""max_height"": 2832, ""url_max"": ""https://live.staticflickr.com/3263/3191303396_bbd4785324_o.jpg"", ""max_width_2000"": 1363, ""max_height_2000"": 2048, ""url_max_2000"": ""https://live.staticflickr.com/3263/3191303396_e88dcf9be6_k.jpg"", ""flickr_page"": ""https://www.flickr.com/photos/70202166@N00/3191303396"", ""camera"": ""Nikon D3"", ""create_date"": ""2009:01:10 15:13:56"", ""lens_model"": """", ""iso"": ""800"", ""exposure_time"": ""1/200"", ""exposure_program"": ""Manual"", ""exposure_compensation"": ""-1/3"", ""aperture"": ""4.0"", ""focal_length"": ""17.0 mm"", ""focal_length_in35mm"": ""17 mm"", ""white_balance"": ""Manual"", ""metering_mode"": ""Multi-segment"", ""flash"": ""On, Return not detected"", ""pageid"": ""5684""}"
3191324696|70202166@N00|5684|Nikon D3|Nikon|70202166@N00_Nikon_642df163.json|"{""id"": ""3191324696"", ""owner"": ""70202166@N00"", ""title"": ""DSC_1351"", ""realname"": """", ""ownername"": ""黑麵之路‧不由分說"", ""datetaken"": ""2009-01-10 15:15:23"", ""max_width"": 4256, ""max_height"": 2832, ""url_max"": ""https://live.staticflickr.com/3495/3191324696_834d644cdc_o.jpg"", ""max_width_2000"": 1600, ""max_height_2000"": 1065, ""url_max_2000"": ""https://live.staticflickr.com/3495/3191324696_8a760c2c5d_h.jpg"", ""flickr_page"": ""https://www.flickr.com/photos/70202166@N00/3191324696"", ""camera"": ""Nikon D3"", ""create_date"": ""2009:01:10 15:15:23"", ""lens_model"": """", ""iso"": ""800"", ""exposure_time"": ""1/200"", ""exposure_program"": ""Manual"", ""exposure_compensation"": ""-1/3"", ""aperture"": ""4.0"", ""focal_length"": ""17.0 mm"", ""focal_length_in35mm"": ""17 mm"", ""white_balance"": ""Manual"", ""metering_mode"": ""Multi-segment"", ""flash"": ""On, Return not detected"", ""pageid"": ""5684""}"
3191365260|70202166@N00|5684|Nikon D3|Nikon|70202166@N00_Nikon_642df163.json|"{""id"": ""3191365260"", ""owner"": ""70202166@N00"", ""title"": ""DSC_1376"", ""realname"": """", ""ownername"": ""黑麵之路‧不由分說"", ""datetaken"": ""2009-01-10 15:20:24"", ""max_width"": 4256, ""max_height"": 2832, ""url_max"": ""https://live.staticflickr.com/3258/3191365260_a6338492ff_o.jpg"", ""max_width_2000"": 1363, ""max_height_2000"": 2048, ""url_max_2000"": ""https://live.staticflickr.com/3258/3191365260_65377d9b0e_k.jpg"", ""flickr_page"": ""https://www.flickr.com/photos/70202166@N00/3191365260"", ""camera"": ""Nikon D3"", ""create_date"": ""2009:01:10 15:20:24"", ""lens_model"": """", ""iso"": ""800"", ""exposure_time"": ""1/160"", ""exposure_program"": ""Manual"", ""exposure_compensation"": ""-1/3"", ""aperture"": ""4.0"", ""focal_length"": ""26.0 mm"", ""focal_length_in35mm"": ""26 mm"", ""white_balance"": ""Manual"", ""metering_mode"": ""Multi-segment"", ""flash"": ""On, Return not detected"", ""pageid"": ""5684""}"
3191321218|70202166@N00|5684|Nikon D3|Nikon|70202166@N00_Nikon_642df163.json|"{""id"": ""3191321218"", ""owner"": ""70202166@N00"", ""title"": ""DSC_1350"", ""realname"": """", ""ownername"": ""黑麵之路‧不由分說"", ""datetaken"": ""2009-01-10 15:15:20"", ""max_width"": 4256, ""max_height"": 2832, ""url_max"": ""https://live.staticflickr.com/3109/3191321218_383e8ea4e1_o.jpg"", ""max_width_2000"": 1600, ""max_height_2000"": 1065, ""url_max_2000"": ""https://live.staticflickr.com/3109/3191321218_65307c334d_h.jpg"", ""flickr_page"": ""https://www.flickr.com/photos/70202166@N00/3191321218"", ""camera"": ""Nikon D3"", ""create_date"": ""2009:01:10 15:15:20"", ""lens_model"": """", ""iso"": ""800"", ""exposure_time"": ""1/200"", ""exposure_program"": ""Manual"", ""exposure_compensation"": ""-1/3"", ""aperture"": ""4.0"", ""focal_length"": ""26.0 mm"", ""focal_length_in35mm"": ""26 mm"", ""white_balance"": ""Manual"", ""metering_mode"": ""Multi-segment"", ""flash"": ""On, Return not detected"", ""pageid"": ""5684""}"
3191327874|70202166@N00|5684|Nikon D3|Nikon|70202166@N00_Nikon_642df163.json|"{""id"": ""3191327874"", ""owner"": ""70202166@N00"", ""title"": ""DSC_1361"", ""realname"": """", ""ownername"": ""黑麵之路‧不由分說"", ""datetaken"": ""2009-01-10 15:17:13"", ""max_width"": 4256, ""max_height"": 2832, ""url_max"": ""https://live.staticflickr.com/3330/3191327874_765d327ca7_o.jpg"", ""max_width_2000"": 1600, ""max_height_2000"": 1065, ""url_max_2000"": ""https://live.staticflickr.com/3330/3191327874_bfc64e1677_h.jpg"", ""flickr_page"": ""https://www.flickr.com/photos/70202166@N00/3191327874"", ""camera"": ""Nikon D3"", ""create_date"": ""2009:01:10 15:17:13"", ""lens_model"": """", ""iso"": ""800"", ""exposure_time"": ""1/125"", ""exposure_program"": ""Manual"", ""exposure_compensation"": ""-1/3"", ""aperture"": ""4.0"", ""focal_length"": ""35.0 mm"", ""focal_length_in35mm"": ""35 mm"", ""white_balance"": ""Manual"", ""metering_mode"": ""Multi-segment"", ""flash"": ""On, Return not detected"", ""pageid"": ""5684""}"
3191331324|70202166@N00|5684|Nikon D3|Nikon|70202166@N00_Nikon_642df163.json|"{""id"": ""3191331324"", ""owner"": ""70202166@N00"", ""title"": ""DSC_1365"", ""realname"": """", ""ownername"": ""黑麵之路‧不由分說"", ""datetaken"": ""2009-01-10 15:18:03"", ""max_width"": 4256, ""max_height"": 2832, ""url_max"": ""https://live.staticflickr.com/3407/3191331324_2ae2f411e2_o.jpg"", ""max_width_2000"": 1600, ""max_height_2000"": 1065, ""url_max_2000"": ""https://live.staticflickr.com/3407/3191331324_c9f600f72c_h.jpg"", ""flickr_page"": ""https://www.flickr.com/photos/70202166@N00/3191331324"", ""camera"": ""Nikon D3"", ""create_date"": ""2009:01:10 15:18:03"", ""lens_model"": """", ""iso"": ""800"", ""exposure_time"": ""1/125"", ""exposure_program"": ""Manual"", ""exposure_compensation"": ""-1/3"", ""aperture"": ""4.0"", ""focal_length"": ""30.0 mm"", ""focal_length_in35mm"": ""30 mm"", ""white_balance"": ""Manual"", ""metering_mode"": ""Multi-segment"", ""flash"": ""On, Return not detected"", ""pageid"": ""5684""}"
3189734492|70202166@N00|5685|Nikon D3|Nikon|70202166@N00_Nikon_642df163.json|"{""id"": ""3189734492"", ""owner"": ""70202166@N00"", ""title"": ""DSC_1301"", ""realname"": """", ""ownername"": ""黑麵之路‧不由分說"", ""datetaken"": ""2009-01-10 15:05:59"", ""max_width"": 4256, ""max_height"": 2832, ""url_max"": ""https://live.staticflickr.com/3384/3189734492_484acdda53_o.jpg"", ""max_width_2000"": 1363, ""max_height_2000"": 2048, ""url_max_2000"": ""https://live.staticflickr.com/3384/3189734492_c5bda993c2_k.jpg"", ""flickr_page"": ""https://www.flickr.com/photos/70202166@N00/3189734492"", ""camera"": ""Nikon D3"", ""create_date"": ""2009:01:10 15:05:59"", ""lens_model"": """", ""iso"": ""400"", ""exposure_time"": ""1/125"", ""exposure_program"": ""Manual"", ""exposure_compensation"": ""-1/3"", ""aperture"": ""3.5"", ""focal_length"": ""70.0 mm"", ""focal_length_in35mm"": ""70 mm"", ""white_balance"": ""Manual"", ""metering_mode"": ""Multi-segment"", ""flash"": ""On, Return not detected"", ""pageid"": ""5685""}"
3188897519|70202166@N00|5685|Nikon D3|Nikon|70202166@N00_Nikon_642df163.json|"{""id"": ""3188897519"", ""owner"": ""70202166@N00"", ""title"": ""DSC_1302"", ""realname"": """", ""ownername"": ""黑麵之路‧不由分說"", ""datetaken"": ""2009-01-10 15:06:16"", ""max_width"": 4256, ""max_height"": 2832, ""url_max"": ""https://live.staticflickr.com/3077/3188897519_34f072c621_o.jpg"", ""max_width_2000"": 1363, ""max_height_2000"": 2048, ""url_max_2000"": ""https://live.staticflickr.com/3077/3188897519_13d5f77b17_k.jpg"", ""flickr_page"": ""https://www.flickr.com/photos/70202166@N00/3188897519"", ""camera"": ""Nikon D3"", ""create_date"": ""2009:01:10 15:06:16"", ""lens_model"": """", ""iso"": ""400"", ""exposure_time"": ""1/125"", ""exposure_program"": ""Manual"", ""exposure_compensation"": ""-1/3"", ""aperture"": ""3.5"", ""focal_length"": ""62.0 mm"", ""focal_length_in35mm"": ""62 mm"", ""white_balance"": ""Manual"", ""metering_mode"": ""Multi-segment"", ""flash"": ""On, Return not detected"", ""pageid"": ""5685""}"
3188933205|70202166@N00|5685|Nikon D3|Nikon|70202166@N00_Nikon_642df163.json|"{""id"": ""3188933205"", ""owner"": ""70202166@N00"", ""title"": ""DSC_1308"", ""realname"": """", ""ownername"": ""黑麵之路‧不由分說"", ""datetaken"": ""2009-01-10 15:07:13"", ""max_width"": 4256, ""max_height"": 2832, ""url_max"": ""https://live.staticflickr.com/3476/3188933205_50718745a5_o.jpg"", ""max_width_2000"": 1363, ""max_height_2000"": 2048, ""url_max_2000"": ""https://live.staticflickr.com/3476/3188933205_8dc6c11d34_k.jpg"", ""flickr_page"": ""https://www.flickr.com/photos/70202166@N00/3188933205"", ""camera"": ""Nikon D3"", ""create_date"": ""2009:01:10 15:07:13"", ""lens_model"": """", ""iso"": ""400"", ""exposure_time"": ""1/100"", ""exposure_program"": ""Manual"", ""exposure_compensation"": ""-1/3"", ""aperture"": ""3.5"", ""focal_length"": ""32.0 mm"", ""focal_length_in35mm"": ""32 mm"", ""white_balance"": ""Manual"", ""metering_mode"": ""Multi-segment"", ""flash"": ""On, Return not detected"", ""pageid"": ""5685""}"
3188917343|70202166@N00|5685|Nikon D3|Nikon|70202166@N00_Nikon_642df163.json|"{""id"": ""3188917343"", ""owner"": ""70202166@N00"", ""title"": ""DSC_1305"", ""realname"": """", ""ownername"": ""黑麵之路‧不由分說"", ""datetaken"": ""2009-01-10 15:06:47"", ""max_width"": 4256, ""max_height"": 2832, ""url_max"": ""https://live.staticflickr.com/3513/3188917343_0e0319082c_o.jpg"", ""max_width_2000"": 1363, ""max_height_2000"": 2048, ""url_max_2000"": ""https://live.staticflickr.com/3513/3188917343_dcb2837156_k.jpg"", ""flickr_page"": ""https://www.flickr.com/photos/70202166@N00/3188917343"", ""camera"": ""Nikon D3"", ""create_date"": ""2009:01:10 15:06:47"", ""lens_model"": """", ""iso"": ""400"", ""exposure_time"": ""1/160"", ""exposure_program"": ""Manual"", ""exposure_compensation"": ""-1/3"", ""aperture"": ""3.5"", ""focal_length"": ""70.0 mm"", ""focal_length_in35mm"": ""70 mm"", ""white_balance"": ""Manual"", ""metering_mode"": ""Multi-segment"", ""flash"": ""On, Return not detected"", ""pageid"": ""5685""}"
3190367895|70202166@N00|5685|Nikon D3|Nikon|70202166@N00_Nikon_642df163.json|"{""id"": ""3190367895"", ""owner"": ""70202166@N00"", ""title"": ""DSC_1312"", ""realname"": """", ""ownername"": ""黑麵之路‧不由分說"", ""datetaken"": ""2009-01-10 15:07:53"", ""max_width"": 4256, ""max_height"": 2832, ""url_max"": ""https://live.staticflickr.com/3366/3190367895_d3f99dfa19_o.jpg"", ""max_width_2000"": 1363, ""max_height_2000"": 2048, ""url_max_2000"": ""https://live.staticflickr.com/3366/3190367895_889facd726_k.jpg"", ""flickr_page"": ""https://www.flickr.com/photos/70202166@N00/3190367895"", ""camera"": ""Nikon D3"", ""create_date"": ""2009:01:10 15:07:53"", ""lens_model"": """", ""iso"": ""800"", ""exposure_time"": ""1/160"", ""exposure_program"": ""Manual"", ""exposure_compensation"": ""-1/3"", ""aperture"": ""4.0"", ""focal_length"": ""34.0 mm"", ""focal_length_in35mm"": ""34 mm"", ""white_balance"": ""Manual"", ""metering_mode"": ""Multi-segment"", ""flash"": ""On, Return not detected"", ""pageid"": ""5685""}"
3189747980|70202166@N00|5685|Nikon D3|Nikon|70202166@N00_Nikon_642df163.json|"{""id"": ""3189747980"", ""owner"": ""70202166@N00"", ""title"": ""DSC_1303"", ""realname"": """", ""ownername"": ""黑麵之路‧不由分說"", ""datetaken"": ""2009-01-10 15:06:28"", ""max_width"": 4256, ""max_height"": 2832, ""url_max"": ""https://live.staticflickr.com/3316/3189747980_222250699e_o.jpg"", ""max_width_2000"": 1363, ""max_height_2000"": 2048, ""url_max_2000"": ""https://live.staticflickr.com/3316/3189747980_e156565e86_k.jpg"", ""flickr_page"": ""https://www.flickr.com/photos/70202166@N00/3189747980"", ""camera"": ""Nikon D3"", ""create_date"": ""2009:01:10 15:06:28"", ""lens_model"": """", ""iso"": ""400"", ""exposure_time"": ""1/125"", ""exposure_program"": ""Manual"", ""exposure_compensation"": ""-1/3"", ""aperture"": ""3.5"", ""focal_length"": ""66.0 mm"", ""focal_length_in35mm"": ""66 mm"", ""white_balance"": ""Manual"", ""metering_mode"": ""Multi-segment"", ""flash"": ""On, Return not detected"", ""pageid"": ""5685""}"
3188924709|70202166@N00|5685|Nikon D3|Nikon|70202166@N00_Nikon_642df163.json|"{""id"": ""3188924709"", ""owner"": ""70202166@N00"", ""title"": ""DSC_1306"", ""realname"": """", ""ownername"": ""黑麵之路‧不由分說"", ""datetaken"": ""2009-01-10 15:06:56"", ""max_width"": 4256, ""max_height"": 2832, ""url_max"": ""https://live.staticflickr.com/3256/3188924709_90720e17f3_o.jpg"", ""max_width_2000"": 1600, ""max_height_2000"": 1065, ""url_max_2000"": ""https://live.staticflickr.com/3256/3188924709_dd198ce2b2_h.jpg"", ""flickr_page"": ""https://www.flickr.com/photos/70202166@N00/3188924709"", ""camera"": ""Nikon D3"", ""create_date"": ""2009:01:10 15:06:56"", ""lens_model"": """", ""iso"": ""400"", ""exposure_time"": ""1/160"", ""exposure_program"": ""Manual"", ""exposure_compensation"": ""-1/3"", ""aperture"": ""3.5"", ""focal_length"": ""44.0 mm"", ""focal_length_in35mm"": ""44 mm"", ""white_balance"": ""Manual"", ""metering_mode"": ""Multi-segment"", ""flash"": ""On, Return not detected"", ""pageid"": ""5685""}"
3190376015|70202166@N00|5685|Nikon D3|Nikon|70202166@N00_Nikon_642df163.json|"{""id"": ""3190376015"", ""owner"": ""70202166@N00"", ""title"": ""DSC_1315"", ""realname"": """", ""ownername"": ""黑麵之路‧不由分說"", ""datetaken"": ""2009-01-10 15:08:06"", ""max_width"": 4256, ""max_height"": 2832, ""url_max"": ""https://live.staticflickr.com/3366/3190376015_7dc60038a2_o.jpg"", ""max_width_2000"": 1363, ""max_height_2000"": 2048, ""url_max_2000"": ""https://live.staticflickr.com/3366/3190376015_9dedf526b5_k.jpg"", ""flickr_page"": ""https://www.flickr.com/photos/70202166@N00/3190376015"", ""camera"": ""Nikon D3"", ""create_date"": ""2009:01:10 15:08:06"", ""lens_model"": """", ""iso"": ""800"", ""exposure_time"": ""1/160"", ""exposure_program"": ""Manual"", ""exposure_compensation"": ""-1/3"", ""aperture"": ""4.0"", ""focal_length"": ""56.0 mm"", ""focal_length_in35mm"": ""56 mm"", ""white_balance"": ""Manual"", ""metering_mode"": ""Multi-segment"", ""flash"": ""On, Return not detected"", ""pageid"": ""5685""}"
3188910651|70202166@N00|5685|Nikon D3|Nikon|70202166@N00_Nikon_642df163.json|"{""id"": ""3188910651"", ""owner"": ""70202166@N00"", ""title"": ""DSC_1304"", ""realname"": """", ""ownername"": ""黑麵之路‧不由分說"", ""datetaken"": ""2009-01-10 15:06:39"", ""max_width"": 4256, ""max_height"": 2832, ""url_max"": ""https://live.staticflickr.com/3126/3188910651_cbb6d45e57_o.jpg"", ""max_width_2000"": 1363, ""max_height_2000"": 2048, ""url_max_2000"": ""https://live.staticflickr.com/3126/3188910651_3fcf3fe1a9_k.jpg"", ""flickr_page"": ""https://www.flickr.com/photos/70202166@N00/3188910651"", ""camera"": ""Nikon D3"", ""create_date"": ""2009:01:10 15:06:39"", ""lens_model"": """", ""iso"": ""400"", ""exposure_time"": ""1/160"", ""exposure_program"": ""Manual"", ""exposure_compensation"": ""-1/3"", ""aperture"": ""3.5"", ""focal_length"": ""70.0 mm"", ""focal_length_in35mm"": ""70 mm"", ""white_balance"": ""Manual"", ""metering_mode"": ""Multi-segment"", ""flash"": ""On, Return not detected"", ""pageid"": ""5685""}"
3190354347|70202166@N00|5685|Nikon D3|Nikon|70202166@N00_Nikon_642df163.json|"{""id"": ""3190354347"", ""owner"": ""70202166@N00"", ""title"": ""DSC_1308"", ""realname"": """", ""ownername"": ""黑麵之路‧不由分說"", ""datetaken"": ""2009-01-10 15:07:13"", ""max_width"": 4256, ""max_height"": 2832, ""url_max"": ""https://live.staticflickr.com/3301/3190354347_ba5944e3a7_o.jpg"", ""max_width_2000"": 1363, ""max_height_2000"": 2048, ""url_max_2000"": ""https://live.staticflickr.com/3301/3190354347_844696d9b5_k.jpg"", ""flickr_page"": ""https://www.flickr.com/photos/70202166@N00/3190354347"", ""camera"": ""Nikon D3"", ""create_date"": ""2009:01:10 15:07:13"", ""lens_model"": """", ""iso"": ""400"", ""exposure_time"": ""1/100"", ""exposure_program"": ""Manual"", ""exposure_compensation"": ""-1/3"", ""aperture"": ""3.5"", ""focal_length"": ""32.0 mm"", ""focal_length_in35mm"": ""32 mm"", ""white_balance"": ""Manual"", ""metering_mode"": ""Multi-segment"", ""flash"": ""On, Return not detected"", ""pageid"": ""5685""}"
3190389573|70202166@N00|5685|Nikon D3|Nikon|70202166@N00_Nikon_642df163.json|"{""id"": ""3190389573"", ""owner"": ""70202166@N00"", ""title"": ""DSC_1319"", ""realname"": """", ""ownername"": ""黑麵之路‧不由分說"", ""datetaken"": ""2009-01-10 15:09:07"", ""max_width"": 4256, ""max_height"": 2832, ""url_max"": ""https://live.staticflickr.com/3443/3190389573_380b676fbc_o.jpg"", ""max_width_2000"": 1363, ""max_height_2000"": 2048, ""url_max_2000"": ""https://live.staticflickr.com/3443/3190389573_9c145a751b_k.jpg"", ""flickr_page"": ""https://www.flickr.com/photos/70202166@N00/3190389573"", ""camera"": ""Nikon D3"", ""create_date"": ""2009:01:10 15:09:07"", ""lens_model"": """", ""iso"": ""800"", ""exposure_time"": ""1/160"", ""exposure_program"": ""Manual"", ""exposure_compensation"": ""-1/3"", ""aperture"": ""4.0"", ""focal_length"": ""24.0 mm"", ""focal_length_in35mm"": ""24 mm"", ""white_balance"": ""Manual"", ""metering_mode"": ""Multi-segment"", ""flash"": ""No Flash"", ""pageid"": ""5685""}"
3190379331|70202166@N00|5685|Nikon D3|Nikon|70202166@N00_Nikon_642df163.json|"{""id"": ""3190379331"", ""owner"": ""70202166@N00"", ""title"": ""DSC_1316"", ""realname"": """", ""ownername"": ""黑麵之路‧不由分說"", ""datetaken"": ""2009-01-10 15:08:12"", ""max_width"": 4256, ""max_height"": 2832, ""url_max"": ""https://live.staticflickr.com/3453/3190379331_8d4e885ce9_o.jpg"", ""max_width_2000"": 1363, ""max_height_2000"": 2048, ""url_max_2000"": ""https://live.staticflickr.com/3453/3190379331_9300b5ed59_k.jpg"", ""flickr_page"": ""https://www.flickr.com/photos/70202166@N00/3190379331"", ""camera"": ""Nikon D3"", ""create_date"": ""2009:01:10 15:08:12"", ""lens_model"": """", ""iso"": ""800"", ""exposure_time"": ""1/160"", ""exposure_program"": ""Manual"", ""exposure_compensation"": ""-1/3"", ""aperture"": ""4.0"", ""focal_length"": ""58.0 mm"", ""focal_length_in35mm"": ""58 mm"", ""white_balance"": ""Manual"", ""metering_mode"": ""Multi-segment"", ""flash"": ""On, Return not detected"", ""pageid"": ""5685""}"
3190386061|70202166@N00|5685|Nikon D3|Nikon|70202166@N00_Nikon_642df163.json|"{""id"": ""3190386061"", ""owner"": ""70202166@N00"", ""title"": ""DSC_1318"", ""realname"": """", ""ownername"": ""黑麵之路‧不由分說"", ""datetaken"": ""2009-01-10 15:08:39"", ""max_width"": 4256, ""max_height"": 2832, ""url_max"": ""https://live.staticflickr.com/3410/3190386061_d0c100ebe1_o.jpg"", ""max_width_2000"": 1363, ""max_height_2000"": 2048, ""url_max_2000"": ""https://live.staticflickr.com/3410/3190386061_6c49612eaf_k.jpg"", ""flickr_page"": ""https://www.flickr.com/photos/70202166@N00/3190386061"", ""camera"": ""Nikon D3"", ""create_date"": ""2009:01:10 15:08:39"", ""lens_model"": """", ""iso"": ""800"", ""exposure_time"": ""1/160"", ""exposure_program"": ""Manual"", ""exposure_compensation"": ""-1/3"", ""aperture"": ""4.0"", ""focal_length"": ""70.0 mm"", ""focal_length_in35mm"": ""70 mm"", ""white_balance"": ""Manual"", ""metering_mode"": ""Multi-segment"", ""flash"": ""No Flash"", ""pageid"": ""5685""}"
3190419885|70202166@N00|5685|Nikon D3|Nikon|70202166@N00_Nikon_642df163.json|"{""id"": ""3190419885"", ""owner"": ""70202166@N00"", ""title"": ""DSC_1329"", ""realname"": """", ""ownername"": ""黑麵之路‧不由分說"", ""datetaken"": ""2009-01-10 15:12:37"", ""max_width"": 4256, ""max_height"": 2832, ""url_max"": ""https://live.staticflickr.com/3350/3190419885_2172892062_o.jpg"", ""max_width_2000"": 1363, ""max_height_2000"": 2048, ""url_max_2000"": ""https://live.staticflickr.com/3350/3190419885_99bc683ded_k.jpg"", ""flickr_page"": ""https://www.flickr.com/photos/70202166@N00/3190419885"", ""camera"": ""Nikon D3"", ""create_date"": ""2009:01:10 15:12:37"", ""lens_model"": """", ""iso"": ""800"", ""exposure_time"": ""1/125"", ""exposure_program"": ""Manual"", ""exposure_compensation"": ""-1/3"", ""aperture"": ""4.0"", ""focal_length"": ""24.0 mm"", ""focal_length_in35mm"": ""24 mm"", ""white_balance"": ""Manual"", ""metering_mode"": ""Multi-segment"", ""flash"": ""On, Return not detected"", ""pageid"": ""5685""}"
3190400301|70202166@N00|5685|Nikon D3|Nikon|70202166@N00_Nikon_642df163.json|"{""id"": ""3190400301"", ""owner"": ""70202166@N00"", ""title"": ""DSC_1322"", ""realname"": """", ""ownername"": ""黑麵之路‧不由分說"", ""datetaken"": ""2009-01-10 15:09:36"", ""max_width"": 4256, ""max_height"": 2832, ""url_max"": ""https://live.staticflickr.com/3125/3190400301_095ce28e7b_o.jpg"", ""max_width_2000"": 1363, ""max_height_2000"": 2048, ""url_max_2000"": ""https://live.staticflickr.com/3125/3190400301_da22115dd0_k.jpg"", ""flickr_page"": ""https://www.flickr.com/photos/70202166@N00/3190400301"", ""camera"": ""Nikon D3"", ""create_date"": ""2009:01:10 15:09:36"", ""lens_model"": """", ""iso"": ""800"", ""exposure_time"": ""1/100"", ""exposure_program"": ""Manual"", ""exposure_compensation"": ""-1/3"", ""aperture"": ""4.0"", ""focal_length"": ""24.0 mm"", ""focal_length_in35mm"": ""24 mm"", ""white_balance"": ""Manual"", ""metering_mode"": ""Multi-segment"", ""flash"": ""On, Return not detected"", ""pageid"": ""5685""}"
3191206220|70202166@N00|5685|Nikon D3|Nikon|70202166@N00_Nikon_642df163.json|"{""id"": ""3191206220"", ""owner"": ""70202166@N00"", ""title"": ""DSC_1310"", ""realname"": """", ""ownername"": ""黑麵之路‧不由分說"", ""datetaken"": ""2009-01-10 15:07:31"", ""max_width"": 4256, ""max_height"": 2832, ""url_max"": ""https://live.staticflickr.com/3421/3191206220_baf6805821_o.jpg"", ""max_width_2000"": 1363, ""max_height_2000"": 2048, ""url_max_2000"": ""https://live.staticflickr.com/3421/3191206220_fc0dc438ed_k.jpg"", ""flickr_page"": ""https://www.flickr.com/photos/70202166@N00/3191206220"", ""camera"": ""Nikon D3"", ""create_date"": ""2009:01:10 15:07:31"", ""lens_model"": """", ""iso"": ""800"", ""exposure_time"": ""1/160"", ""exposure_program"": ""Manual"", ""exposure_compensation"": ""-1/3"", ""aperture"": ""4.0"", ""focal_length"": ""27.0 mm"", ""focal_length_in35mm"": ""27 mm"", ""white_balance"": ""Manual"", ""metering_mode"": ""Multi-segment"", ""flash"": ""On, Return not detected"", ""pageid"": ""5685""}"
3190415633|70202166@N00|5685|Nikon D3|Nikon|70202166@N00_Nikon_642df163.json|"{""id"": ""3190415633"", ""owner"": ""70202166@N00"", ""title"": ""DSC_1328"", ""realname"": """", ""ownername"": ""黑麵之路‧不由分說"", ""datetaken"": ""2009-01-10 15:12:32"", ""max_width"": 4256, ""max_height"": 2832, ""url_max"": ""https://live.staticflickr.com/3354/3190415633_494d5a5099_o.jpg"", ""max_width_2000"": 1363, ""max_height_2000"": 2048, ""url_max_2000"": ""https://live.staticflickr.com/3354/3190415633_5914cb0b9c_k.jpg"", ""flickr_page"": ""https://www.flickr.com/photos/70202166@N00/3190415633"", ""camera"": ""Nikon D3"", ""create_date"": ""2009:01:10 15:12:32"", ""lens_model"": """", ""iso"": ""800"", ""exposure_time"": ""1/125"", ""exposure_program"": ""Manual"", ""exposure_compensation"": ""-1/3"", ""aperture"": ""4.0"", ""focal_length"": ""25.0 mm"", ""focal_length_in35mm"": ""25 mm"", ""white_balance"": ""Manual"", ""metering_mode"": ""Multi-segment"", ""flash"": ""On, Return not detected"", ""pageid"": ""5685""}"
3190392913|70202166@N00|5685|Nikon D3|Nikon|70202166@N00_Nikon_642df163.json|"{""id"": ""3190392913"", ""owner"": ""70202166@N00"", ""title"": ""DSC_1320"", ""realname"": """", ""ownername"": ""黑麵之路‧不由分說"", ""datetaken"": ""2009-01-10 15:09:20"", ""max_width"": 4256, ""max_height"": 2832, ""url_max"": ""https://live.staticflickr.com/3495/3190392913_5601ac24ea_o.jpg"", ""max_width_2000"": 1363, ""max_height_2000"": 2048, ""url_max_2000"": ""https://live.staticflickr.com/3495/3190392913_16bdb3d7e6_k.jpg"", ""flickr_page"": ""https://www.flickr.com/photos/70202166@N00/3190392913"", ""camera"": ""Nikon D3"", ""create_date"": ""2009:01:10 15:09:20"", ""lens_model"": """", ""iso"": ""800"", ""exposure_time"": ""1/160"", ""exposure_program"": ""Manual"", ""exposure_compensation"": ""-1/3"", ""aperture"": ""4.0"", ""focal_length"": ""24.0 mm"", ""focal_length_in35mm"": ""24 mm"", ""white_balance"": ""Manual"", ""metering_mode"": ""Multi-segment"", ""flash"": ""On, Return not detected"", ""pageid"": ""5685""}"
3190407805|70202166@N00|5685|Nikon D3|Nikon|70202166@N00_Nikon_642df163.json|"{""id"": ""3190407805"", ""owner"": ""70202166@N00"", ""title"": ""DSC_1325"", ""realname"": """", ""ownername"": ""黑麵之路‧不由分說"", ""datetaken"": ""2009-01-10 15:11:14"", ""max_width"": 4256, ""max_height"": 2832, ""url_max"": ""https://live.staticflickr.com/3445/3190407805_6726e12380_o.jpg"", ""max_width_2000"": 1363, ""max_height_2000"": 2048, ""url_max_2000"": ""https://live.staticflickr.com/3445/3190407805_6b96908577_k.jpg"", ""flickr_page"": ""https://www.flickr.com/photos/70202166@N00/3190407805"", ""camera"": ""Nikon D3"", ""create_date"": ""2009:01:10 15:11:14"", ""lens_model"": """", ""iso"": ""800"", ""exposure_time"": ""1/100"", ""exposure_program"": ""Manual"", ""exposure_compensation"": ""-1/3"", ""aperture"": ""4.0"", ""focal_length"": ""22.0 mm"", ""focal_length_in35mm"": ""22 mm"", ""white_balance"": ""Manual"", ""metering_mode"": ""Multi-segment"", ""flash"": ""On, Return not detected"", ""pageid"": ""5685""}"
3190411801|70202166@N00|5685|Nikon D3|Nikon|70202166@N00_Nikon_642df163.json|"{""id"": ""3190411801"", ""owner"": ""70202166@N00"", ""title"": ""DSC_1326"", ""realname"": """", ""ownername"": ""黑麵之路‧不由分說"", ""datetaken"": ""2009-01-10 15:11:21"", ""max_width"": 4256, ""max_height"": 2832, ""url_max"": ""https://live.staticflickr.com/3455/3190411801_e714ddeea0_o.jpg"", ""max_width_2000"": 1363, ""max_height_2000"": 2048, ""url_max_2000"": ""https://live.staticflickr.com/3455/3190411801_6bf1dacdd9_k.jpg"", ""flickr_page"": ""https://www.flickr.com/photos/70202166@N00/3190411801"", ""camera"": ""Nikon D3"", ""create_date"": ""2009:01:10 15:11:21"", ""lens_model"": """", ""iso"": ""800"", ""exposure_time"": ""1/160"", ""exposure_program"": ""Manual"", ""exposure_compensation"": ""-1/3"", ""aperture"": ""4.0"", ""focal_length"": ""22.0 mm"", ""focal_length_in35mm"": ""22 mm"", ""white_balance"": ""Manual"", ""metering_mode"": ""Multi-segment"", ""flash"": ""On, Return not detected"", ""pageid"": ""5685""}"
3191220066|70202166@N00|5685|Nikon D3|Nikon|70202166@N00_Nikon_642df163.json|"{""id"": ""3191220066"", ""owner"": ""70202166@N00"", ""title"": ""DSC_1314"", ""realname"": """", ""ownername"": ""黑麵之路‧不由分說"", ""datetaken"": ""2009-01-10 15:08:02"", ""max_width"": 4256, ""max_height"": 2832, ""url_max"": ""https://live.staticflickr.com/3365/3191220066_dec7502b5f_o.jpg"", ""max_width_2000"": 1363, ""max_height_2000"": 2048, ""url_max_2000"": ""https://live.staticflickr.com/3365/3191220066_f778052906_k.jpg"", ""flickr_page"": ""https://www.flickr.com/photos/70202166@N00/3191220066"", ""camera"": ""Nikon D3"", ""create_date"": ""2009:01:10 15:08:02"", ""lens_model"": """", ""iso"": ""800"", ""exposure_time"": ""1/160"", ""exposure_program"": ""Manual"", ""exposure_compensation"": ""-1/3"", ""aperture"": ""4.0"", ""focal_length"": ""35.0 mm"", ""focal_length_in35mm"": ""35 mm"", ""white_balance"": ""Manual"", ""metering_mode"": ""Multi-segment"", ""flash"": ""On, Return not detected"", ""pageid"": ""5685""}"
3191210710|70202166@N00|5685|Nikon D3|Nikon|70202166@N00_Nikon_642df163.json|"{""id"": ""3191210710"", ""owner"": ""70202166@N00"", ""title"": ""DSC_1311"", ""realname"": """", ""ownername"": ""黑麵之路‧不由分說"", ""datetaken"": ""2009-01-10 15:07:49"", ""max_width"": 4256, ""max_height"": 2832, ""url_max"": ""https://live.staticflickr.com/3099/3191210710_2b3560b4e8_o.jpg"", ""max_width_2000"": 1363, ""max_height_2000"": 2048, ""url_max_2000"": ""https://live.staticflickr.com/3099/3191210710_c6b244034a_k.jpg"", ""flickr_page"": ""https://www.flickr.com/photos/70202166@N00/3191210710"", ""camera"": ""Nikon D3"", ""create_date"": ""2009:01:10 15:07:49"", ""lens_model"": """", ""iso"": ""800"", ""exposure_time"": ""1/160"", ""exposure_program"": ""Manual"", ""exposure_compensation"": ""-1/3"", ""aperture"": ""4.0"", ""focal_length"": ""36.0 mm"", ""focal_length_in35mm"": ""36 mm"", ""white_balance"": ""Manual"", ""metering_mode"": ""Multi-segment"", ""flash"": ""On, Return not detected"", ""pageid"": ""5685""}"
3191230494|70202166@N00|5685|Nikon D3|Nikon|70202166@N00_Nikon_642df163.json|"{""id"": ""3191230494"", ""owner"": ""70202166@N00"", ""title"": ""DSC_1317"", ""realname"": """", ""ownername"": ""黑麵之路‧不由分說"", ""datetaken"": ""2009-01-10 15:08:31"", ""max_width"": 4256, ""max_height"": 2832, ""url_max"": ""https://live.staticflickr.com/3085/3191230494_e1024352f7_o.jpg"", ""max_width_2000"": 1363, ""max_height_2000"": 2048, ""url_max_2000"": ""https://live.staticflickr.com/3085/3191230494_93c4f1cfbf_k.jpg"", ""flickr_page"": ""https://www.flickr.com/photos/70202166@N00/3191230494"", ""camera"": ""Nikon D3"", ""create_date"": ""2009:01:10 15:08:31"", ""lens_model"": """", ""iso"": ""800"", ""exposure_time"": ""1/160"", ""exposure_program"": ""Manual"", ""exposure_compensation"": ""-1/3"", ""aperture"": ""4.0"", ""focal_length"": ""70.0 mm"", ""focal_length_in35mm"": ""70 mm"", ""white_balance"": ""Manual"", ""metering_mode"": ""Multi-segment"", ""flash"": ""No Flash"", ""pageid"": ""5685""}"
3191244090|70202166@N00|5685|Nikon D3|Nikon|70202166@N00_Nikon_642df163.json|"{""id"": ""3191244090"", ""owner"": ""70202166@N00"", ""title"": ""DSC_1321"", ""realname"": """", ""ownername"": ""黑麵之路‧不由分說"", ""datetaken"": ""2009-01-10 15:09:29"", ""max_width"": 4256, ""max_height"": 2832, ""url_max"": ""https://live.staticflickr.com/3510/3191244090_b899feba4c_o.jpg"", ""max_width_2000"": 1363, ""max_height_2000"": 2048, ""url_max_2000"": ""https://live.staticflickr.com/3510/3191244090_0b1087999e_k.jpg"", ""flickr_page"": ""https://www.flickr.com/photos/70202166@N00/3191244090"", ""camera"": ""Nikon D3"", ""create_date"": ""2009:01:10 15:09:29"", ""lens_model"": """", ""iso"": ""800"", ""exposure_time"": ""1/160"", ""exposure_program"": ""Manual"", ""exposure_compensation"": ""-1/3"", ""aperture"": ""4.0"", ""focal_length"": ""24.0 mm"", ""focal_length_in35mm"": ""24 mm"", ""white_balance"": ""Manual"", ""metering_mode"": ""Multi-segment"", ""flash"": ""On, Return not detected"", ""pageid"": ""5685""}"
3191251866|70202166@N00|5685|Nikon D3|Nikon|70202166@N00_Nikon_642df163.json|"{""id"": ""3191251866"", ""owner"": ""70202166@N00"", ""title"": ""DSC_1324"", ""realname"": """", ""ownername"": ""黑麵之路‧不由分說"", ""datetaken"": ""2009-01-10 15:09:48"", ""max_width"": 4256, ""max_height"": 2832, ""url_max"": ""https://live.staticflickr.com/3534/3191251866_7e637e7476_o.jpg"", ""max_width_2000"": 1363, ""max_height_2000"": 2048, ""url_max_2000"": ""https://live.staticflickr.com/3534/3191251866_56a4e1de87_k.jpg"", ""flickr_page"": ""https://www.flickr.com/photos/70202166@N00/3191251866"", ""camera"": ""Nikon D3"", ""create_date"": ""2009:01:10 15:09:48"", ""lens_model"": """", ""iso"": ""800"", ""exposure_time"": ""1/100"", ""exposure_program"": ""Manual"", ""exposure_compensation"": ""-1/3"", ""aperture"": ""4.0"", ""focal_length"": ""24.0 mm"", ""focal_length_in35mm"": ""24 mm"", ""white_balance"": ""Manual"", ""metering_mode"": ""Multi-segment"", ""flash"": ""On, Return not detected"", ""pageid"": ""5685""}"
3188727023|70202166@N00|5686|Nikon D3|Nikon|70202166@N00_Nikon_642df163.json|"{""id"": ""3188727023"", ""owner"": ""70202166@N00"", ""title"": ""DSC_1265"", ""realname"": """", ""ownername"": ""黑麵之路‧不由分說"", ""datetaken"": ""2009-01-10 14:54:42"", ""max_width"": 4256, ""max_height"": 2832, ""url_max"": ""https://live.staticflickr.com/3497/3188727023_056f53e64a_o.jpg"", ""max_width_2000"": 1600, ""max_height_2000"": 1065, ""url_max_2000"": ""https://live.staticflickr.com/3497/3188727023_3fcae48d71_h.jpg"", ""flickr_page"": ""https://www.flickr.com/photos/70202166@N00/3188727023"", ""camera"": ""Nikon D3"", ""create_date"": ""2009:01:10 14:54:42"", ""lens_model"": """", ""iso"": ""400"", ""exposure_time"": ""1/200"", ""exposure_program"": ""Manual"", ""exposure_compensation"": ""-1/3"", ""aperture"": ""2.8"", ""focal_length"": ""105.0 mm"", ""focal_length_in35mm"": ""105 mm"", ""white_balance"": ""Manual"", ""metering_mode"": ""Multi-segment"", ""flash"": ""On, Return not detected"", ""pageid"": ""5686""}"
3188792119|70202166@N00|5686|Nikon D3|Nikon|70202166@N00_Nikon_642df163.json|"{""id"": ""3188792119"", ""owner"": ""70202166@N00"", ""title"": ""DSC_1280"", ""realname"": """", ""ownername"": ""黑麵之路‧不由分說"", ""datetaken"": ""2009-01-10 14:59:41"", ""max_width"": 4256, ""max_height"": 2832, ""url_max"": ""https://live.staticflickr.com/3458/3188792119_8f09e9be07_o.jpg"", ""max_width_2000"": 1600, ""max_height_2000"": 1065, ""url_max_2000"": ""https://live.staticflickr.com/3458/3188792119_7a6b46ea5e_h.jpg"", ""flickr_page"": ""https://www.flickr.com/photos/70202166@N00/3188792119"", ""camera"": ""Nikon D3"", ""create_date"": ""2009:01:10 14:59:41"", ""lens_model"": """", ""iso"": ""400"", ""exposure_time"": ""1/100"", ""exposure_program"": ""Manual"", ""exposure_compensation"": ""-1/3"", ""aperture"": ""3.5"", ""focal_length"": ""48.0 mm"", ""focal_length_in35mm"": ""48 mm"", ""white_balance"": ""Manual"", ""metering_mode"": ""Multi-segment"", ""flash"": ""On, Return not detected"", ""pageid"": ""5686""}"
3188812257|70202166@N00|5686|Nikon D3|Nikon|70202166@N00_Nikon_642df163.json|"{""id"": ""3188812257"", ""owner"": ""70202166@N00"", ""title"": ""DSC_1285"", ""realname"": """", ""ownername"": ""黑麵之路‧不由分說"", ""datetaken"": ""2009-01-10 15:00:17"", ""max_width"": 4256, ""max_height"": 2832, ""url_max"": ""https://live.staticflickr.com/3381/3188812257_c092862cfc_o.jpg"", ""max_width_2000"": 1600, ""max_height_2000"": 1065, ""url_max_2000"": ""https://live.staticflickr.com/3381/3188812257_70023198c2_h.jpg"", ""flickr_page"": ""https://www.flickr.com/photos/70202166@N00/3188812257"", ""camera"": ""Nikon D3"", ""create_date"": ""2009:01:10 15:00:17"", ""lens_model"": """", ""iso"": ""400"", ""exposure_time"": ""1/100"", ""exposure_program"": ""Manual"", ""exposure_compensation"": ""-1/3"", ""aperture"": ""3.5"", ""focal_length"": ""42.0 mm"", ""focal_length_in35mm"": ""42 mm"", ""white_balance"": ""Manual"", ""metering_mode"": ""Multi-segment"", ""flash"": ""On, Return not detected"", ""pageid"": ""5686""}"
3188798619|70202166@N00|5686|Nikon D3|Nikon|70202166@N00_Nikon_642df163.json|"{""id"": ""3188798619"", ""owner"": ""70202166@N00"", ""title"": ""DSC_1281"", ""realname"": """", ""ownername"": ""黑麵之路‧不由分說"", ""datetaken"": ""2009-01-10 14:59:54"", ""max_width"": 4256, ""max_height"": 2832, ""url_max"": ""https://live.staticflickr.com/3075/3188798619_a44d6e1ff9_o.jpg"", ""max_width_2000"": 1600, ""max_height_2000"": 1065, ""url_max_2000"": ""https://live.staticflickr.com/3075/3188798619_7408a93a3a_h.jpg"", ""flickr_page"": ""https://www.flickr.com/photos/70202166@N00/3188798619"", ""camera"": ""Nikon D3"", ""create_date"": ""2009:01:10 14:59:54"", ""lens_model"": """", ""iso"": ""400"", ""exposure_time"": ""1/100"", ""exposure_program"": ""Manual"", ""exposure_compensation"": ""-1/3"", ""aperture"": ""3.5"", ""focal_length"": ""66.0 mm"", ""focal_length_in35mm"": ""66 mm"", ""white_balance"": ""Manual"", ""metering_mode"": ""Multi-segment"", ""flash"": ""On, Return not detected"", ""pageid"": ""5686""}"
3188739255|70202166@N00|5686|Nikon D3|Nikon|70202166@N00_Nikon_642df163.json|"{""id"": ""3188739255"", ""owner"": ""70202166@N00"", ""title"": ""DSC_1269"", ""realname"": """", ""ownername"": ""黑麵之路‧不由分說"", ""datetaken"": ""2009-01-10 14:56:03"", ""max_width"": 4256, ""max_height"": 2832, ""url_max"": ""https://live.staticflickr.com/3101/3188739255_02c86e22c4_o.jpg"", ""max_width_2000"": 1600, ""max_height_2000"": 1065, ""url_max_2000"": ""https://live.staticflickr.com/3101/3188739255_e5355cd816_h.jpg"", ""flickr_page"": ""https://www.flickr.com/photos/70202166@N00/3188739255"", ""camera"": ""Nikon D3"", ""create_date"": ""2009:01:10 14:56:03"", ""lens_model"": """", ""iso"": ""400"", ""exposure_time"": ""1/200"", ""exposure_program"": ""Manual"", ""exposure_compensation"": ""-1/3"", ""aperture"": ""2.8"", ""focal_length"": ""105.0 mm"", ""focal_length_in35mm"": ""105 mm"", ""white_balance"": ""Manual"", ""metering_mode"": ""Multi-segment"", ""flash"": ""On, Return not detected"", ""pageid"": ""5686""}"
3188778345|70202166@N00|5686|Nikon D3|Nikon|70202166@N00_Nikon_642df163.json|"{""id"": ""3188778345"", ""owner"": ""70202166@N00"", ""title"": ""DSC_1278"", ""realname"": """", ""ownername"": ""黑麵之路‧不由分說"", ""datetaken"": ""2009-01-10 14:59:19"", ""max_width"": 4256, ""max_height"": 2832, ""url_max"": ""https://live.staticflickr.com/3131/3188778345_43a7bc82bc_o.jpg"", ""max_width_2000"": 1600, ""max_height_2000"": 1065, ""url_max_2000"": ""https://live.staticflickr.com/3131/3188778345_846a43998f_h.jpg"", ""flickr_page"": ""https://www.flickr.com/photos/70202166@N00/3188778345"", ""camera"": ""Nikon D3"", ""create_date"": ""2009:01:10 14:59:19"", ""lens_model"": """", ""iso"": ""400"", ""exposure_time"": ""1/125"", ""exposure_program"": ""Manual"", ""exposure_compensation"": ""-1/3"", ""aperture"": ""3.5"", ""focal_length"": ""58.0 mm"", ""focal_length_in35mm"": ""58 mm"", ""white_balance"": ""Manual"", ""metering_mode"": ""Multi-segment"", ""flash"": ""On, Return not detected"", ""pageid"": ""5686""}"
3188819247|70202166@N00|5686|Nikon D3|Nikon|70202166@N00_Nikon_642df163.json|"{""id"": ""3188819247"", ""owner"": ""70202166@N00"", ""title"": ""DSC_1286"", ""realname"": """", ""ownername"": ""黑麵之路‧不由分說"", ""datetaken"": ""2009-01-10 15:00:26"", ""max_width"": 4256, ""max_height"": 2832, ""url_max"": ""https://live.staticflickr.com/3496/3188819247_6c8477230a_o.jpg"", ""max_width_2000"": 1600, ""max_height_2000"": 1065, ""url_max_2000"": ""https://live.staticflickr.com/3496/3188819247_33772ba1f4_h.jpg"", ""flickr_page"": ""https://www.flickr.com/photos/70202166@N00/3188819247"", ""camera"": ""Nikon D3"", ""create_date"": ""2009:01:10 15:00:26"", ""lens_model"": """", ""iso"": ""400"", ""exposure_time"": ""1/100"", ""exposure_program"": ""Manual"", ""exposure_compensation"": ""-1/3"", ""aperture"": ""3.5"", ""focal_length"": ""40.0 mm"", ""focal_length_in35mm"": ""40 mm"", ""white_balance"": ""Manual"", ""metering_mode"": ""Multi-segment"", ""flash"": ""On, Return not detected"", ""pageid"": ""5686""}"
3188745135|70202166@N00|5686|Nikon D3|Nikon|70202166@N00_Nikon_642df163.json|"{""id"": ""3188745135"", ""owner"": ""70202166@N00"", ""title"": ""DSC_1271"", ""realname"": """", ""ownername"": ""黑麵之路‧不由分說"", ""datetaken"": ""2009-01-10 14:56:07"", ""max_width"": 4256, ""max_height"": 2832, ""url_max"": ""https://live.staticflickr.com/3440/3188745135_c3a83b8b92_o.jpg"", ""max_width_2000"": 1600, ""max_height_2000"": 1065, ""url_max_2000"": ""https://live.staticflickr.com/3440/3188745135_7d0488f826_h.jpg"", ""flickr_page"": ""https://www.flickr.com/photos/70202166@N00/3188745135"", ""camera"": ""Nikon D3"", ""create_date"": ""2009:01:10 14:56:07"", ""lens_model"": """", ""iso"": ""400"", ""exposure_time"": ""1/200"", ""exposure_program"": ""Manual"", ""exposure_compensation"": ""-1/3"", ""aperture"": ""2.8"", ""focal_length"": ""105.0 mm"", ""focal_length_in35mm"": ""105 mm"", ""white_balance"": ""Manual"", ""metering_mode"": ""Multi-segment"", ""flash"": ""On, Return not detected"", ""pageid"": ""5686""}"
3188733263|70202166@N00|5686|Nikon D3|Nikon|70202166@N00_Nikon_642df163.json|"{""id"": ""3188733263"", ""owner"": ""70202166@N00"", ""title"": ""DSC_1268"", ""realname"": """", ""ownername"": ""黑麵之路‧不由分說"", ""datetaken"": ""2009-01-10 14:55:55"", ""max_width"": 4256, ""max_height"": 2832, ""url_max"": ""https://live.staticflickr.com/3434/3188733263_ef36dbf033_o.jpg"", ""max_width_2000"": 1600, ""max_height_2000"": 1065, ""url_max_2000"": ""https://live.staticflickr.com/3434/3188733263_3acfdaea85_h.jpg"", ""flickr_page"": ""https://www.flickr.com/photos/70202166@N00/3188733263"", ""camera"": ""Nikon D3"", ""create_date"": ""2009:01:10 14:55:55"", ""lens_model"": """", ""iso"": ""400"", ""exposure_time"": ""1/200"", ""exposure_program"": ""Manual"", ""exposure_compensation"": ""-1/3"", ""aperture"": ""2.8"", ""focal_length"": ""105.0 mm"", ""focal_length_in35mm"": ""105 mm"", ""white_balance"": ""Manual"", ""metering_mode"": ""Multi-segment"", ""flash"": ""On, Return not detected"", ""pageid"": ""5686""}"
3188827017|70202166@N00|5686|Nikon D3|Nikon|70202166@N00_Nikon_642df163.json|"{""id"": ""3188827017"", ""owner"": ""70202166@N00"", ""title"": ""DSC_1287"", ""realname"": """", ""ownername"": ""黑麵之路‧不由分說"", ""datetaken"": ""2009-01-10 15:00:35"", ""max_width"": 4256, ""max_height"": 2832, ""url_max"": ""https://live.staticflickr.com/3452/3188827017_c025ac5ff7_o.jpg"", ""max_width_2000"": 1600, ""max_height_2000"": 1065, ""url_max_2000"": ""https://live.staticflickr.com/3452/3188827017_bffa93f4f3_h.jpg"", ""flickr_page"": ""https://www.flickr.com/photos/70202166@N00/3188827017"", ""camera"": ""Nikon D3"", ""create_date"": ""2009:01:10 15:00:35"", ""lens_model"": """", ""iso"": ""400"", ""exposure_time"": ""1/100"", ""exposure_program"": ""Manual"", ""exposure_compensation"": ""-1/3"", ""aperture"": ""3.5"", ""focal_length"": ""36.0 mm"", ""focal_length_in35mm"": ""36 mm"", ""white_balance"": ""Manual"", ""metering_mode"": ""Multi-segment"", ""flash"": ""On, Return not detected"", ""pageid"": ""5686""}"
3188861959|70202166@N00|5686|Nikon D3|Nikon|70202166@N00_Nikon_642df163.json|"{""id"": ""3188861959"", ""owner"": ""70202166@N00"", ""title"": ""DSC_1296"", ""realname"": """", ""ownername"": ""黑麵之路‧不由分說"", ""datetaken"": ""2009-01-10 15:01:50"", ""max_width"": 4256, ""max_height"": 2832, ""url_max"": ""https://live.staticflickr.com/3348/3188861959_7645a24ed3_o.jpg"", ""max_width_2000"": 1600, ""max_height_2000"": 1065, ""url_max_2000"": ""https://live.staticflickr.com/3348/3188861959_99978d8fb5_h.jpg"", ""flickr_page"": ""https://www.flickr.com/photos/70202166@N00/3188861959"", ""camera"": ""Nikon D3"", ""create_date"": ""2009:01:10 15:01:50"", ""lens_model"": """", ""iso"": ""1600"", ""exposure_time"": ""1/100"", ""exposure_program"": ""Manual"", ""exposure_compensation"": ""-1/3"", ""aperture"": ""3.5"", ""focal_length"": ""52.0 mm"", ""focal_length_in35mm"": ""52 mm"", ""white_balance"": ""Manual"", ""metering_mode"": ""Multi-segment"", ""flash"": ""No Flash"", ""pageid"": ""5686""}"
3188834721|70202166@N00|5686|Nikon D3|Nikon|70202166@N00_Nikon_642df163.json|"{""id"": ""3188834721"", ""owner"": ""70202166@N00"", ""title"": ""DSC_1290"", ""realname"": """", ""ownername"": ""黑麵之路‧不由分說"", ""datetaken"": ""2009-01-10 15:01:00"", ""max_width"": 4256, ""max_height"": 2832, ""url_max"": ""https://live.staticflickr.com/3491/3188834721_23c25d6241_o.jpg"", ""max_width_2000"": 1600, ""max_height_2000"": 1065, ""url_max_2000"": ""https://live.staticflickr.com/3491/3188834721_5f0da65e85_h.jpg"", ""flickr_page"": ""https://www.flickr.com/photos/70202166@N00/3188834721"", ""camera"": ""Nikon D3"", ""create_date"": ""2009:01:10 15:01:00"", ""lens_model"": """", ""iso"": ""400"", ""exposure_time"": ""1/100"", ""exposure_program"": ""Manual"", ""exposure_compensation"": ""-1/3"", ""aperture"": ""3.5"", ""focal_length"": ""38.0 mm"", ""focal_length_in35mm"": ""38 mm"", ""white_balance"": ""Manual"", ""metering_mode"": ""Multi-segment"", ""flash"": ""On, Return not detected"", ""pageid"": ""5686""}"
3188855051|70202166@N00|5686|Nikon D3|Nikon|70202166@N00_Nikon_642df163.json|"{""id"": ""3188855051"", ""owner"": ""70202166@N00"", ""title"": ""DSC_1294"", ""realname"": """", ""ownername"": ""黑麵之路‧不由分說"", ""datetaken"": ""2009-01-10 15:01:19"", ""max_width"": 4256, ""max_height"": 2832, ""url_max"": ""https://live.staticflickr.com/3473/3188855051_c2ca98d322_o.jpg"", ""max_width_2000"": 1600, ""max_height_2000"": 1065, ""url_max_2000"": ""https://live.staticflickr.com/3473/3188855051_1d7eabc961_h.jpg"", ""flickr_page"": ""https://www.flickr.com/photos/70202166@N00/3188855051"", ""camera"": ""Nikon D3"", ""create_date"": ""2009:01:10 15:01:19"", ""lens_model"": """", ""iso"": ""1600"", ""exposure_time"": ""1/100"", ""exposure_program"": ""Manual"", ""exposure_compensation"": ""-1/3"", ""aperture"": ""3.5"", ""focal_length"": ""38.0 mm"", ""focal_length_in35mm"": ""38 mm"", ""white_balance"": ""Manual"", ""metering_mode"": ""Multi-segment"", ""flash"": ""No Flash"", ""pageid"": ""5686""}"
3188876437|70202166@N00|5686|Nikon D3|Nikon|70202166@N00_Nikon_642df163.json|"{""id"": ""3188876437"", ""owner"": ""70202166@N00"", ""title"": ""DSC_1298"", ""realname"": """", ""ownername"": ""黑麵之路‧不由分說"", ""datetaken"": ""2009-01-10 15:02:01"", ""max_width"": 4256, ""max_height"": 2832, ""url_max"": ""https://live.staticflickr.com/3444/3188876437_f02c78fcff_o.jpg"", ""max_width_2000"": 1600, ""max_height_2000"": 1065, ""url_max_2000"": ""https://live.staticflickr.com/3444/3188876437_e2c0ece4cb_h.jpg"", ""flickr_page"": ""https://www.flickr.com/photos/70202166@N00/3188876437"", ""camera"": ""Nikon D3"", ""create_date"": ""2009:01:10 15:02:01"", ""lens_model"": """", ""iso"": ""1600"", ""exposure_time"": ""1/100"", ""exposure_program"": ""Manual"", ""exposure_compensation"": ""-1/3"", ""aperture"": ""3.5"", ""focal_length"": ""45.0 mm"", ""focal_length_in35mm"": ""45 mm"", ""white_balance"": ""Manual"", ""metering_mode"": ""Multi-segment"", ""flash"": ""No Flash"", ""pageid"": ""5686""}"
3189595730|70202166@N00|5686|Nikon D3|Nikon|70202166@N00_Nikon_642df163.json|"{""id"": ""3189595730"", ""owner"": ""70202166@N00"", ""title"": ""DSC_1274"", ""realname"": """", ""ownername"": ""黑麵之路‧不由分說"", ""datetaken"": ""2009-01-10 14:56:40"", ""max_width"": 4256, ""max_height"": 2832, ""url_max"": ""https://live.staticflickr.com/3077/3189595730_c96f06440b_o.jpg"", ""max_width_2000"": 1600, ""max_height_2000"": 1065, ""url_max_2000"": ""https://live.staticflickr.com/3077/3189595730_b1e8744734_h.jpg"", ""flickr_page"": ""https://www.flickr.com/photos/70202166@N00/3189595730"", ""camera"": ""Nikon D3"", ""create_date"": ""2009:01:10 14:56:40"", ""lens_model"": """", ""iso"": ""400"", ""exposure_time"": ""1/200"", ""exposure_program"": ""Manual"", ""exposure_compensation"": ""-1/3"", ""aperture"": ""2.8"", ""focal_length"": ""105.0 mm"", ""focal_length_in35mm"": ""105 mm"", ""white_balance"": ""Manual"", ""metering_mode"": ""Multi-segment"", ""flash"": ""On, Return not detected"", ""pageid"": ""5686""}"
3189565004|70202166@N00|5686|Nikon D3|Nikon|70202166@N00_Nikon_642df163.json|"{""id"": ""3189565004"", ""owner"": ""70202166@N00"", ""title"": ""DSC_1264"", ""realname"": """", ""ownername"": ""黑麵之路‧不由分說"", ""datetaken"": ""2009-01-10 14:54:00"", ""max_width"": 4256, ""max_height"": 2832, ""url_max"": ""https://live.staticflickr.com/3098/3189565004_e006ed8b7c_o.jpg"", ""max_width_2000"": 1600, ""max_height_2000"": 1065, ""url_max_2000"": ""https://live.staticflickr.com/3098/3189565004_4b49e55d6c_h.jpg"", ""flickr_page"": ""https://www.flickr.com/photos/70202166@N00/3189565004"", ""camera"": ""Nikon D3"", ""create_date"": ""2009:01:10 14:54:00"", ""lens_model"": """", ""iso"": ""400"", ""exposure_time"": ""1/125"", ""exposure_program"": ""Manual"", ""exposure_compensation"": ""-1/3"", ""aperture"": ""3.5"", ""focal_length"": ""70.0 mm"", ""focal_length_in35mm"": ""70 mm"", ""white_balance"": ""Manual"", ""metering_mode"": ""Multi-segment"", ""flash"": ""On, Return not detected"", ""pageid"": ""5686""}"
3189629644|70202166@N00|5686|Nikon D3|Nikon|70202166@N00_Nikon_642df163.json|"{""id"": ""3189629644"", ""owner"": ""70202166@N00"", ""title"": ""DSC_1279"", ""realname"": """", ""ownername"": ""黑麵之路‧不由分說"", ""datetaken"": ""2009-01-10 14:59:29"", ""max_width"": 4256, ""max_height"": 2832, ""url_max"": ""https://live.staticflickr.com/3478/3189629644_a33782a1a8_o.jpg"", ""max_width_2000"": 1600, ""max_height_2000"": 1065, ""url_max_2000"": ""https://live.staticflickr.com/3478/3189629644_00a101c790_h.jpg"", ""flickr_page"": ""https://www.flickr.com/photos/70202166@N00/3189629644"", ""camera"": ""Nikon D3"", ""create_date"": ""2009:01:10 14:59:29"", ""lens_model"": """", ""iso"": ""400"", ""exposure_time"": ""1/100"", ""exposure_program"": ""Manual"", ""exposure_compensation"": ""-1/3"", ""aperture"": ""3.5"", ""focal_length"": ""48.0 mm"", ""focal_length_in35mm"": ""48 mm"", ""white_balance"": ""Manual"", ""metering_mode"": ""Multi-segment"", ""flash"": ""On, Return not detected"", ""pageid"": ""5686""}"
3189615412|70202166@N00|5686|Nikon D3|Nikon|70202166@N00_Nikon_642df163.json|"{""id"": ""3189615412"", ""owner"": ""70202166@N00"", ""title"": ""DSC_1277"", ""realname"": """", ""ownername"": ""黑麵之路‧不由分說"", ""datetaken"": ""2009-01-10 14:59:07"", ""max_width"": 4256, ""max_height"": 2832, ""url_max"": ""https://live.staticflickr.com/3347/3189615412_c22c110a83_o.jpg"", ""max_width_2000"": 1600, ""max_height_2000"": 1065, ""url_max_2000"": ""https://live.staticflickr.com/3347/3189615412_972dacb43a_h.jpg"", ""flickr_page"": ""https://www.flickr.com/photos/70202166@N00/3189615412"", ""camera"": ""Nikon D3"", ""create_date"": ""2009:01:10 14:59:07"", ""lens_model"": """", ""iso"": ""400"", ""exposure_time"": ""1/200"", ""exposure_program"": ""Manual"", ""exposure_compensation"": ""-1/3"", ""aperture"": ""3.5"", ""focal_length"": ""52.0 mm"", ""focal_length_in35mm"": ""52 mm"", ""white_balance"": ""Manual"", ""metering_mode"": ""Multi-segment"", ""flash"": ""On, Return not detected"", ""pageid"": ""5686""}"
3189609168|70202166@N00|5686|Nikon D3|Nikon|70202166@N00_Nikon_642df163.json|"{""id"": ""3189609168"", ""owner"": ""70202166@N00"", ""title"": ""DSC_1276"", ""realname"": """", ""ownername"": ""黑麵之路‧不由分說"", ""datetaken"": ""2009-01-10 14:58:39"", ""max_width"": 4256, ""max_height"": 2832, ""url_max"": ""https://live.staticflickr.com/3396/3189609168_c497ffb887_o.jpg"", ""max_width_2000"": 1600, ""max_height_2000"": 1065, ""url_max_2000"": ""https://live.staticflickr.com/3396/3189609168_392479540c_h.jpg"", ""flickr_page"": ""https://www.flickr.com/photos/70202166@N00/3189609168"", ""camera"": ""Nikon D3"", ""create_date"": ""2009:01:10 14:58:39"", ""lens_model"": """", ""iso"": ""400"", ""exposure_time"": ""1/200"", ""exposure_program"": ""Manual"", ""exposure_compensation"": ""-1/3"", ""aperture"": ""3.5"", ""focal_length"": ""40.0 mm"", ""focal_length_in35mm"": ""40 mm"", ""white_balance"": ""Manual"", ""metering_mode"": ""Multi-segment"", ""flash"": ""On, Return not detected"", ""pageid"": ""5686""}"
3189602238|70202166@N00|5686|Nikon D3|Nikon|70202166@N00_Nikon_642df163.json|"{""id"": ""3189602238"", ""owner"": ""70202166@N00"", ""title"": ""DSC_1275"", ""realname"": """", ""ownername"": ""黑麵之路‧不由分說"", ""datetaken"": ""2009-01-10 14:58:27"", ""max_width"": 4256, ""max_height"": 2832, ""url_max"": ""https://live.staticflickr.com/3123/3189602238_a30aa33093_o.jpg"", ""max_width_2000"": 1600, ""max_height_2000"": 1065, ""url_max_2000"": ""https://live.staticflickr.com/3123/3189602238_3376552291_h.jpg"", ""flickr_page"": ""https://www.flickr.com/photos/70202166@N00/3189602238"", ""camera"": ""Nikon D3"", ""create_date"": ""2009:01:10 14:58:27"", ""lens_model"": """", ""iso"": ""400"", ""exposure_time"": ""1/200"", ""exposure_program"": ""Manual"", ""exposure_compensation"": ""-1/3"", ""aperture"": ""3.5"", ""focal_length"": ""36.0 mm"", ""focal_length_in35mm"": ""36 mm"", ""white_balance"": ""Manual"", ""metering_mode"": ""Multi-segment"", ""flash"": ""On, Return not detected"", ""pageid"": ""5686""}"
3189650196|70202166@N00|5686|Nikon D3|Nikon|70202166@N00_Nikon_642df163.json|"{""id"": ""3189650196"", ""owner"": ""70202166@N00"", ""title"": ""DSC_1283"", ""realname"": """", ""ownername"": ""黑麵之路‧不由分說"", ""datetaken"": ""2009-01-10 15:00:06"", ""max_width"": 4256, ""max_height"": 2832, ""url_max"": ""https://live.staticflickr.com/3094/3189650196_7fa02d27a9_o.jpg"", ""max_width_2000"": 1600, ""max_height_2000"": 1065, ""url_max_2000"": ""https://live.staticflickr.com/3094/3189650196_7d4cfde1ed_h.jpg"", ""flickr_page"": ""https://www.flickr.com/photos/70202166@N00/3189650196"", ""camera"": ""Nikon D3"", ""create_date"": ""2009:01:10 15:00:06"", ""lens_model"": """", ""iso"": ""400"", ""exposure_time"": ""1/100"", ""exposure_program"": ""Manual"", ""exposure_compensation"": ""-1/3"", ""aperture"": ""3.5"", ""focal_length"": ""66.0 mm"", ""focal_length_in35mm"": ""66 mm"", ""white_balance"": ""Manual"", ""metering_mode"": ""Multi-segment"", ""flash"": ""On, Return not detected"", ""pageid"": ""5686""}"
3189684770|70202166@N00|5686|Nikon D3|Nikon|70202166@N00_Nikon_642df163.json|"{""id"": ""3189684770"", ""owner"": ""70202166@N00"", ""title"": ""DSC_1291"", ""realname"": """", ""ownername"": ""黑麵之路‧不由分說"", ""datetaken"": ""2009-01-10 15:01:05"", ""max_width"": 4256, ""max_height"": 2832, ""url_max"": ""https://live.staticflickr.com/3466/3189684770_d4d0fd9458_o.jpg"", ""max_width_2000"": 1600, ""max_height_2000"": 1065, ""url_max_2000"": ""https://live.staticflickr.com/3466/3189684770_71de71def8_h.jpg"", ""flickr_page"": ""https://www.flickr.com/photos/70202166@N00/3189684770"", ""camera"": ""Nikon D3"", ""create_date"": ""2009:01:10 15:01:05"", ""lens_model"": """", ""iso"": ""400"", ""exposure_time"": ""1/100"", ""exposure_program"": ""Manual"", ""exposure_compensation"": ""-1/3"", ""aperture"": ""3.5"", ""focal_length"": ""38.0 mm"", ""focal_length_in35mm"": ""38 mm"", ""white_balance"": ""Manual"", ""metering_mode"": ""Multi-segment"", ""flash"": ""No Flash"", ""pageid"": ""5686""}"
3189691988|70202166@N00|5686|Nikon D3|Nikon|70202166@N00_Nikon_642df163.json|"{""id"": ""3189691988"", ""owner"": ""70202166@N00"", ""title"": ""DSC_1293"", ""realname"": """", ""ownername"": ""黑麵之路‧不由分說"", ""datetaken"": ""2009-01-10 15:01:17"", ""max_width"": 4256, ""max_height"": 2832, ""url_max"": ""https://live.staticflickr.com/3358/3189691988_7453f9036b_o.jpg"", ""max_width_2000"": 1600, ""max_height_2000"": 1065, ""url_max_2000"": ""https://live.staticflickr.com/3358/3189691988_5fb9124cea_h.jpg"", ""flickr_page"": ""https://www.flickr.com/photos/70202166@N00/3189691988"", ""camera"": ""Nikon D3"", ""create_date"": ""2009:01:10 15:01:17"", ""lens_model"": """", ""iso"": ""1600"", ""exposure_time"": ""1/100"", ""exposure_program"": ""Manual"", ""exposure_compensation"": ""-1/3"", ""aperture"": ""3.5"", ""focal_length"": ""36.0 mm"", ""focal_length_in35mm"": ""36 mm"", ""white_balance"": ""Manual"", ""metering_mode"": ""Multi-segment"", ""flash"": ""No Flash"", ""pageid"": ""5686""}"
3189712618|70202166@N00|5686|Nikon D3|Nikon|70202166@N00_Nikon_642df163.json|"{""id"": ""3189712618"", ""owner"": ""70202166@N00"", ""title"": ""DSC_1297"", ""realname"": """", ""ownername"": ""黑麵之路‧不由分說"", ""datetaken"": ""2009-01-10 15:01:53"", ""max_width"": 4256, ""max_height"": 2832, ""url_max"": ""https://live.staticflickr.com/3112/3189712618_24ab8aa2f5_o.jpg"", ""max_width_2000"": 1600, ""max_height_2000"": 1065, ""url_max_2000"": ""https://live.staticflickr.com/3112/3189712618_d206766164_h.jpg"", ""flickr_page"": ""https://www.flickr.com/photos/70202166@N00/3189712618"", ""camera"": ""Nikon D3"", ""create_date"": ""2009:01:10 15:01:53"", ""lens_model"": """", ""iso"": ""1600"", ""exposure_time"": ""1/100"", ""exposure_program"": ""Manual"", ""exposure_compensation"": ""-1/3"", ""aperture"": ""3.5"", ""focal_length"": ""48.0 mm"", ""focal_length_in35mm"": ""48 mm"", ""white_balance"": ""Manual"", ""metering_mode"": ""Multi-segment"", ""flash"": ""No Flash"", ""pageid"": ""5686""}"
3189728348|70202166@N00|5686|Nikon D3|Nikon|70202166@N00_Nikon_642df163.json|"{""id"": ""3189728348"", ""owner"": ""70202166@N00"", ""title"": ""DSC_1299"", ""realname"": """", ""ownername"": ""黑麵之路‧不由分說"", ""datetaken"": ""2009-01-10 15:02:10"", ""max_width"": 4256, ""max_height"": 2832, ""url_max"": ""https://live.staticflickr.com/3097/3189728348_0cd03a7f9b_o.jpg"", ""max_width_2000"": 1600, ""max_height_2000"": 1065, ""url_max_2000"": ""https://live.staticflickr.com/3097/3189728348_390ab07f30_h.jpg"", ""flickr_page"": ""https://www.flickr.com/photos/70202166@N00/3189728348"", ""camera"": ""Nikon D3"", ""create_date"": ""2009:01:10 15:02:10"", ""lens_model"": """", ""iso"": ""800"", ""exposure_time"": ""1/100"", ""exposure_program"": ""Manual"", ""exposure_compensation"": ""-1/3"", ""aperture"": ""3.5"", ""focal_length"": ""45.0 mm"", ""focal_length_in35mm"": ""45 mm"", ""white_balance"": ""Manual"", ""metering_mode"": ""Multi-segment"", ""flash"": ""On, Return not detected"", ""pageid"": ""5686""}"
3187662825|70202166@N00|5687|Nikon D3|Nikon|70202166@N00_Nikon_5d0d5728.json|"{""id"": ""3187662825"", ""owner"": ""70202166@N00"", ""title"": ""DSC_1243"", ""realname"": """", ""ownername"": ""黑麵之路‧不由分說"", ""datetaken"": ""2009-01-10 14:49:45"", ""max_width"": 4256, ""max_height"": 2832, ""url_max"": ""https://live.staticflickr.com/3121/3187662825_dbccd075ce_o.jpg"", ""max_width_2000"": 1363, ""max_height_2000"": 2048, ""url_max_2000"": ""https://live.staticflickr.com/3121/3187662825_ca557f3e18_k.jpg"", ""flickr_page"": ""https://www.flickr.com/photos/70202166@N00/3187662825"", ""camera"": ""Nikon D3"", ""create_date"": ""2009:01:10 14:49:45"", ""lens_model"": """", ""iso"": ""400"", ""exposure_time"": ""1/125"", ""exposure_program"": ""Manual"", ""exposure_compensation"": ""-1/3"", ""aperture"": ""3.5"", ""focal_length"": ""56.0 mm"", ""focal_length_in35mm"": ""56 mm"", ""white_balance"": ""Manual"", ""metering_mode"": ""Multi-segment"", ""flash"": ""On, Return not detected"", ""pageid"": ""5687""}"
3187775307|70202166@N00|5687|Nikon D3|Nikon|70202166@N00_Nikon_5d0d5728.json|"{""id"": ""3187775307"", ""owner"": ""70202166@N00"", ""title"": ""DSC_1260"", ""realname"": """", ""ownername"": ""黑麵之路‧不由分說"", ""datetaken"": ""2009-01-10 14:53:04"", ""max_width"": 4256, ""max_height"": 2832, ""url_max"": ""https://live.staticflickr.com/3390/3187775307_b5032201b0_o.jpg"", ""max_width_2000"": 1363, ""max_height_2000"": 2048, ""url_max_2000"": ""https://live.staticflickr.com/3390/3187775307_1ff522030f_k.jpg"", ""flickr_page"": ""https://www.flickr.com/photos/70202166@N00/3187775307"", ""camera"": ""Nikon D3"", ""create_date"": ""2009:01:10 14:53:04"", ""lens_model"": """", ""iso"": ""400"", ""exposure_time"": ""1/125"", ""exposure_program"": ""Manual"", ""exposure_compensation"": ""-1/3"", ""aperture"": ""3.5"", ""focal_length"": ""70.0 mm"", ""focal_length_in35mm"": ""70 mm"", ""white_balance"": ""Manual"", ""metering_mode"": ""Multi-segment"", ""flash"": ""On, Return not detected"", ""pageid"": ""5687""}"
3187706779|70202166@N00|5687|Nikon D3|Nikon|70202166@N00_Nikon_5d0d5728.json|"{""id"": ""3187706779"", ""owner"": ""70202166@N00"", ""title"": ""DSC_1250"", ""realname"": """", ""ownername"": ""黑麵之路‧不由分說"", ""datetaken"": ""2009-01-10 14:50:58"", ""max_width"": 4256, ""max_height"": 2832, ""url_max"": ""https://live.staticflickr.com/3308/3187706779_b66a68f58a_o.jpg"", ""max_width_2000"": 1363, ""max_height_2000"": 2048, ""url_max_2000"": ""https://live.staticflickr.com/3308/3187706779_e739f40984_k.jpg"", ""flickr_page"": ""https://www.flickr.com/photos/70202166@N00/3187706779"", ""camera"": ""Nikon D3"", ""create_date"": ""2009:01:10 14:50:58"", ""lens_model"": """", ""iso"": ""400"", ""exposure_time"": ""1/125"", ""exposure_program"": ""Manual"", ""exposure_compensation"": ""-1/3"", ""aperture"": ""3.5"", ""focal_length"": ""62.0 mm"", ""focal_length_in35mm"": ""62 mm"", ""white_balance"": ""Manual"", ""metering_mode"": ""Multi-segment"", ""flash"": ""On, Return not detected"", ""pageid"": ""5687""}"
3187727635|70202166@N00|5687|Nikon D3|Nikon|70202166@N00_Nikon_5d0d5728.json|"{""id"": ""3187727635"", ""owner"": ""70202166@N00"", ""title"": ""DSC_1253"", ""realname"": """", ""ownername"": ""黑麵之路‧不由分說"", ""datetaken"": ""2009-01-10 14:51:25"", ""max_width"": 4256, ""max_height"": 2832, ""url_max"": ""https://live.staticflickr.com/3385/3187727635_77fe555574_o.jpg"", ""max_width_2000"": 1363, ""max_height_2000"": 2048, ""url_max_2000"": ""https://live.staticflickr.com/3385/3187727635_4cb189806d_k.jpg"", ""flickr_page"": ""https://www.flickr.com/photos/70202166@N00/3187727635"", ""camera"": ""Nikon D3"", ""create_date"": ""2009:01:10 14:51:25"", ""lens_model"": """", ""iso"": ""400"", ""exposure_time"": ""1/125"", ""exposure_program"": ""Manual"", ""exposure_compensation"": ""-1/3"", ""aperture"": ""3.5"", ""focal_length"": ""62.0 mm"", ""focal_length_in35mm"": ""62 mm"", ""white_balance"": ""Manual"", ""metering_mode"": ""Multi-segment"", ""flash"": ""No Flash"", ""pageid"": ""5687""}"
3187720601|70202166@N00|5687|Nikon D3|Nikon|70202166@N00_Nikon_5d0d5728.json|"{""id"": ""3187720601"", ""owner"": ""70202166@N00"", ""title"": ""DSC_1252"", ""realname"": """", ""ownername"": ""黑麵之路‧不由分說"", ""datetaken"": ""2009-01-10 14:51:12"", ""max_width"": 4256, ""max_height"": 2832, ""url_max"": ""https://live.staticflickr.com/3523/3187720601_18bb77530e_o.jpg"", ""max_width_2000"": 1363, ""max_height_2000"": 2048, ""url_max_2000"": ""https://live.staticflickr.com/3523/3187720601_568cb601d0_k.jpg"", ""flickr_page"": ""https://www.flickr.com/photos/70202166@N00/3187720601"", ""camera"": ""Nikon D3"", ""create_date"": ""2009:01:10 14:51:12"", ""lens_model"": """", ""iso"": ""400"", ""exposure_time"": ""1/125"", ""exposure_program"": ""Manual"", ""exposure_compensation"": ""-1/3"", ""aperture"": ""3.5"", ""focal_length"": ""60.0 mm"", ""focal_length_in35mm"": ""60 mm"", ""white_balance"": ""Manual"", ""metering_mode"": ""Multi-segment"", ""flash"": ""No Flash"", ""pageid"": ""5687""}"
3187754587|70202166@N00|5687|Nikon D3|Nikon|70202166@N00_Nikon_5d0d5728.json|"{""id"": ""3187754587"", ""owner"": ""70202166@N00"", ""title"": ""DSC_1257"", ""realname"": """", ""ownername"": ""黑麵之路‧不由分說"", ""datetaken"": ""2009-01-10 14:52:35"", ""max_width"": 4256, ""max_height"": 2832, ""url_max"": ""https://live.staticflickr.com/3381/3187754587_6c4e341306_o.jpg"", ""max_width_2000"": 1363, ""max_height_2000"": 2048, ""url_max_2000"": ""https://live.staticflickr.com/3381/3187754587_6db6fd5edf_k.jpg"", ""flickr_page"": ""https://www.flickr.com/photos/70202166@N00/3187754587"", ""camera"": ""Nikon D3"", ""create_date"": ""2009:01:10 14:52:35"", ""lens_model"": """", ""iso"": ""400"", ""exposure_time"": ""1/125"", ""exposure_program"": ""Manual"", ""exposure_compensation"": ""-1/3"", ""aperture"": ""3.5"", ""focal_length"": ""70.0 mm"", ""focal_length_in35mm"": ""70 mm"", ""white_balance"": ""Manual"", ""metering_mode"": ""Multi-segment"", ""flash"": ""On, Return not detected"", ""pageid"": ""5687""}"
3187640061|70202166@N00|5687|Nikon D3|Nikon|70202166@N00_Nikon_5d0d5728.json|"{""id"": ""3187640061"", ""owner"": ""70202166@N00"", ""title"": ""DSC_1239"", ""realname"": """", ""ownername"": ""黑麵之路‧不由分說"", ""datetaken"": ""2009-01-10 14:49:08"", ""max_width"": 4256, ""max_height"": 2832, ""url_max"": ""https://live.staticflickr.com/3339/3187640061_5d7b5053bf_o.jpg"", ""max_width_2000"": 1363, ""max_height_2000"": 2048, ""url_max_2000"": ""https://live.staticflickr.com/3339/3187640061_8510c9e40d_k.jpg"", ""flickr_page"": ""https://www.flickr.com/photos/70202166@N00/3187640061"", ""camera"": ""Nikon D3"", ""create_date"": ""2009:01:10 14:49:08"", ""lens_model"": """", ""iso"": ""400"", ""exposure_time"": ""1/125"", ""exposure_program"": ""Manual"", ""exposure_compensation"": ""-1/3"", ""aperture"": ""3.5"", ""focal_length"": ""52.0 mm"", ""focal_length_in35mm"": ""52 mm"", ""white_balance"": ""Manual"", ""metering_mode"": ""Multi-segment"", ""flash"": ""On, Return not detected"", ""pageid"": ""5687""}"
3187768465|70202166@N00|5687|Nikon D3|Nikon|70202166@N00_Nikon_5d0d5728.json|"{""id"": ""3187768465"", ""owner"": ""70202166@N00"", ""title"": ""DSC_1259"", ""realname"": """", ""ownername"": ""黑麵之路‧不由分說"", ""datetaken"": ""2009-01-10 14:52:51"", ""max_width"": 4256, ""max_height"": 2832, ""url_max"": ""https://live.staticflickr.com/3436/3187768465_0bfa20d08d_o.jpg"", ""max_width_2000"": 1363, ""max_height_2000"": 2048, ""url_max_2000"": ""https://live.staticflickr.com/3436/3187768465_db228f20ee_k.jpg"", ""flickr_page"": ""https://www.flickr.com/photos/70202166@N00/3187768465"", ""camera"": ""Nikon D3"", ""create_date"": ""2009:01:10 14:52:51"", ""lens_model"": """", ""iso"": ""400"", ""exposure_time"": ""1/160"", ""exposure_program"": ""Manual"", ""exposure_compensation"": ""-1/3"", ""aperture"": ""3.5"", ""focal_length"": ""70.0 mm"", ""focal_length_in35mm"": ""70 mm"", ""white_balance"": ""Manual"", ""metering_mode"": ""Multi-segment"", ""flash"": ""On, Return not detected"", ""pageid"": ""5687""}"
3187800129|70202166@N00|5687|Nikon D3|Nikon|70202166@N00_Nikon_5d0d5728.json|"{""id"": ""3187800129"", ""owner"": ""70202166@N00"", ""title"": ""DSC_1264"", ""realname"": """", ""ownername"": ""黑麵之路‧不由分說"", ""datetaken"": ""2009-01-10 14:54:00"", ""max_width"": 4256, ""max_height"": 2832, ""url_max"": ""https://live.staticflickr.com/3439/3187800129_5876dcd7b3_o.jpg"", ""max_width_2000"": 1600, ""max_height_2000"": 1065, ""url_max_2000"": ""https://live.staticflickr.com/3439/3187800129_6f10b95e9b_h.jpg"", ""flickr_page"": ""https://www.flickr.com/photos/70202166@N00/3187800129"", ""camera"": ""Nikon D3"", ""create_date"": ""2009:01:10 14:54:00"", ""lens_model"": """", ""iso"": ""400"", ""exposure_time"": ""1/125"", ""exposure_program"": ""Manual"", ""exposure_compensation"": ""-1/3"", ""aperture"": ""3.5"", ""focal_length"": ""70.0 mm"", ""focal_length_in35mm"": ""70 mm"", ""white_balance"": ""Manual"", ""metering_mode"": ""Multi-segment"", ""flash"": ""On, Return not detected"", ""pageid"": ""5687""}"
3187655387|70202166@N00|5687|Nikon D3|Nikon|70202166@N00_Nikon_5d0d5728.json|"{""id"": ""3187655387"", ""owner"": ""70202166@N00"", ""title"": ""DSC_1242"", ""realname"": """", ""ownername"": ""黑麵之路‧不由分說"", ""datetaken"": ""2009-01-10 14:49:44"", ""max_width"": 4256, ""max_height"": 2832, ""url_max"": ""https://live.staticflickr.com/3314/3187655387_fc278721fe_o.jpg"", ""max_width_2000"": 1363, ""max_height_2000"": 2048, ""url_max_2000"": ""https://live.staticflickr.com/3314/3187655387_5afcd2222f_k.jpg"", ""flickr_page"": ""https://www.flickr.com/photos/70202166@N00/3187655387"", ""camera"": ""Nikon D3"", ""create_date"": ""2009:01:10 14:49:44"", ""lens_model"": """", ""iso"": ""400"", ""exposure_time"": ""1/125"", ""exposure_program"": ""Manual"", ""exposure_compensation"": ""-1/3"", ""aperture"": ""3.5"", ""focal_length"": ""56.0 mm"", ""focal_length_in35mm"": ""56 mm"", ""white_balance"": ""Manual"", ""metering_mode"": ""Multi-segment"", ""flash"": ""On, Return not detected"", ""pageid"": ""5687""}"
3188489544|70202166@N00|5687|Nikon D3|Nikon|70202166@N00_Nikon_5d0d5728.json|"{""id"": ""3188489544"", ""owner"": ""70202166@N00"", ""title"": ""DSC_1240"", ""realname"": """", ""ownername"": ""黑麵之路‧不由分說"", ""datetaken"": ""2009-01-10 14:49:14"", ""max_width"": 4256, ""max_height"": 2832, ""url_max"": ""https://live.staticflickr.com/3485/3188489544_32a7ce5e72_o.jpg"", ""max_width_2000"": 1363, ""max_height_2000"": 2048, ""url_max_2000"": ""https://live.staticflickr.com/3485/3188489544_30d99e90a4_k.jpg"", ""flickr_page"": ""https://www.flickr.com/photos/70202166@N00/3188489544"", ""camera"": ""Nikon D3"", ""create_date"": ""2009:01:10 14:49:14"", ""lens_model"": """", ""iso"": ""400"", ""exposure_time"": ""1/125"", ""exposure_program"": ""Manual"", ""exposure_compensation"": ""-1/3"", ""aperture"": ""3.5"", ""focal_length"": ""56.0 mm"", ""focal_length_in35mm"": ""56 mm"", ""white_balance"": ""Manual"", ""metering_mode"": ""Multi-segment"", ""flash"": ""On, Return not detected"", ""pageid"": ""5687""}"
3187806975|70202166@N00|5687|Nikon D3|Nikon|70202166@N00_Nikon_5d0d5728.json|"{""id"": ""3187806975"", ""owner"": ""70202166@N00"", ""title"": ""DSC_1265"", ""realname"": """", ""ownername"": ""黑麵之路‧不由分說"", ""datetaken"": ""2009-01-10 14:54:42"", ""max_width"": 4256, ""max_height"": 2832, ""url_max"": ""https://live.staticflickr.com/3362/3187806975_3d2d8d609e_o.jpg"", ""max_width_2000"": 1600, ""max_height_2000"": 1065, ""url_max_2000"": ""https://live.staticflickr.com/3362/3187806975_424862bb2a_h.jpg"", ""flickr_page"": ""https://www.flickr.com/photos/70202166@N00/3187806975"", ""camera"": ""Nikon D3"", ""create_date"": ""2009:01:10 14:54:42"", ""lens_model"": """", ""iso"": ""400"", ""exposure_time"": ""1/200"", ""exposure_program"": ""Manual"", ""exposure_compensation"": ""-1/3"", ""aperture"": ""2.8"", ""focal_length"": ""105.0 mm"", ""focal_length_in35mm"": ""105 mm"", ""white_balance"": ""Manual"", ""metering_mode"": ""Multi-segment"", ""flash"": ""On, Return not detected"", ""pageid"": ""5687""}"
3188519818|70202166@N00|5687|Nikon D3|Nikon|70202166@N00_Nikon_5d0d5728.json|"{""id"": ""3188519818"", ""owner"": ""70202166@N00"", ""title"": ""DSC_1246"", ""realname"": """", ""ownername"": ""黑麵之路‧不由分說"", ""datetaken"": ""2009-01-10 14:50:27"", ""max_width"": 4256, ""max_height"": 2832, ""url_max"": ""https://live.staticflickr.com/3518/3188519818_13faeb38ff_o.jpg"", ""max_width_2000"": 1363, ""max_height_2000"": 2048, ""url_max_2000"": ""https://live.staticflickr.com/3518/3188519818_ca46c1f9e5_k.jpg"", ""flickr_page"": ""https://www.flickr.com/photos/70202166@N00/3188519818"", ""camera"": ""Nikon D3"", ""create_date"": ""2009:01:10 14:50:27"", ""lens_model"": """", ""iso"": ""400"", ""exposure_time"": ""1/125"", ""exposure_program"": ""Manual"", ""exposure_compensation"": ""-1/3"", ""aperture"": ""3.5"", ""focal_length"": ""60.0 mm"", ""focal_length_in35mm"": ""60 mm"", ""white_balance"": ""Manual"", ""metering_mode"": ""Multi-segment"", ""flash"": ""On, Return not detected"", ""pageid"": ""5687""}"
3188556670|70202166@N00|5687|Nikon D3|Nikon|70202166@N00_Nikon_5d0d5728.json|"{""id"": ""3188556670"", ""owner"": ""70202166@N00"", ""title"": ""DSC_1251"", ""realname"": """", ""ownername"": ""黑麵之路‧不由分說"", ""datetaken"": ""2009-01-10 14:51:08"", ""max_width"": 4256, ""max_height"": 2832, ""url_max"": ""https://live.staticflickr.com/3382/3188556670_8489c06264_o.jpg"", ""max_width_2000"": 1363, ""max_height_2000"": 2048, ""url_max_2000"": ""https://live.staticflickr.com/3382/3188556670_2950ffc2a1_k.jpg"", ""flickr_page"": ""https://www.flickr.com/photos/70202166@N00/3188556670"", ""camera"": ""Nikon D3"", ""create_date"": ""2009:01:10 14:51:08"", ""lens_model"": """", ""iso"": ""400"", ""exposure_time"": ""1/125"", ""exposure_program"": ""Manual"", ""exposure_compensation"": ""-1/3"", ""aperture"": ""3.5"", ""focal_length"": ""60.0 mm"", ""focal_length_in35mm"": ""60 mm"", ""white_balance"": ""Manual"", ""metering_mode"": ""Multi-segment"", ""flash"": ""No Flash"", ""pageid"": ""5687""}"
3188542482|70202166@N00|5687|Nikon D3|Nikon|70202166@N00_Nikon_5d0d5728.json|"{""id"": ""3188542482"", ""owner"": ""70202166@N00"", ""title"": ""DSC_1249"", ""realname"": """", ""ownername"": ""黑麵之路‧不由分說"", ""datetaken"": ""2009-01-10 14:50:49"", ""max_width"": 4256, ""max_height"": 2832, ""url_max"": ""https://live.staticflickr.com/3371/3188542482_a25f297713_o.jpg"", ""max_width_2000"": 1363, ""max_height_2000"": 2048, ""url_max_2000"": ""https://live.staticflickr.com/3371/3188542482_f1a0c257fc_k.jpg"", ""flickr_page"": ""https://www.flickr.com/photos/70202166@N00/3188542482"", ""camera"": ""Nikon D3"", ""create_date"": ""2009:01:10 14:50:49"", ""lens_model"": """", ""iso"": ""400"", ""exposure_time"": ""1/125"", ""exposure_program"": ""Manual"", ""exposure_compensation"": ""-1/3"", ""aperture"": ""3.5"", ""focal_length"": ""66.0 mm"", ""focal_length_in35mm"": ""66 mm"", ""white_balance"": ""Manual"", ""metering_mode"": ""Multi-segment"", ""flash"": ""On, Return not detected"", ""pageid"": ""5687""}"
3188511692|70202166@N00|5687|Nikon D3|Nikon|70202166@N00_Nikon_5d0d5728.json|"{""id"": ""3188511692"", ""owner"": ""70202166@N00"", ""title"": ""DSC_1244"", ""realname"": """", ""ownername"": ""黑麵之路‧不由分說"", ""datetaken"": ""2009-01-10 14:49:52"", ""max_width"": 4256, ""max_height"": 2832, ""url_max"": ""https://live.staticflickr.com/3447/3188511692_b304260d7c_o.jpg"", ""max_width_2000"": 1363, ""max_height_2000"": 2048, ""url_max_2000"": ""https://live.staticflickr.com/3447/3188511692_d4bcc5aa3e_k.jpg"", ""flickr_page"": ""https://www.flickr.com/photos/70202166@N00/3188511692"", ""camera"": ""Nikon D3"", ""create_date"": ""2009:01:10 14:49:52"", ""lens_model"": """", ""iso"": ""400"", ""exposure_time"": ""1/125"", ""exposure_program"": ""Manual"", ""exposure_compensation"": ""-1/3"", ""aperture"": ""3.5"", ""focal_length"": ""56.0 mm"", ""focal_length_in35mm"": ""56 mm"", ""white_balance"": ""Manual"", ""metering_mode"": ""Multi-segment"", ""flash"": ""On, Return not detected"", ""pageid"": ""5687""}"
3188578156|70202166@N00|5687|Nikon D3|Nikon|70202166@N00_Nikon_5d0d5728.json|"{""id"": ""3188578156"", ""owner"": ""70202166@N00"", ""title"": ""DSC_1254"", ""realname"": """", ""ownername"": ""黑麵之路‧不由分說"", ""datetaken"": ""2009-01-10 14:51:39"", ""max_width"": 4256, ""max_height"": 2832, ""url_max"": ""https://live.staticflickr.com/3457/3188578156_699d6aff98_o.jpg"", ""max_width_2000"": 1363, ""max_height_2000"": 2048, ""url_max_2000"": ""https://live.staticflickr.com/3457/3188578156_b7d199cf09_k.jpg"", ""flickr_page"": ""https://www.flickr.com/photos/70202166@N00/3188578156"", ""camera"": ""Nikon D3"", ""create_date"": ""2009:01:10 14:51:39"", ""lens_model"": """", ""iso"": ""400"", ""exposure_time"": ""1/125"", ""exposure_program"": ""Manual"", ""exposure_compensation"": ""-1/3"", ""aperture"": ""3.5"", ""focal_length"": ""70.0 mm"", ""focal_length_in35mm"": ""70 mm"", ""white_balance"": ""Manual"", ""metering_mode"": ""Multi-segment"", ""flash"": ""No Flash"", ""pageid"": ""5687""}"
3188527728|70202166@N00|5687|Nikon D3|Nikon|70202166@N00_Nikon_5d0d5728.json|"{""id"": ""3188527728"", ""owner"": ""70202166@N00"", ""title"": ""DSC_1247"", ""realname"": """", ""ownername"": ""黑麵之路‧不由分說"", ""datetaken"": ""2009-01-10 14:50:41"", ""max_width"": 4256, ""max_height"": 2832, ""url_max"": ""https://live.staticflickr.com/3106/3188527728_cd9c993bf5_o.jpg"", ""max_width_2000"": 1363, ""max_height_2000"": 2048, ""url_max_2000"": ""https://live.staticflickr.com/3106/3188527728_ea48f884c7_k.jpg"", ""flickr_page"": ""https://www.flickr.com/photos/70202166@N00/3188527728"", ""camera"": ""Nikon D3"", ""create_date"": ""2009:01:10 14:50:41"", ""lens_model"": """", ""iso"": ""400"", ""exposure_time"": ""1/125"", ""exposure_program"": ""Manual"", ""exposure_compensation"": ""-1/3"", ""aperture"": ""3.5"", ""focal_length"": ""62.0 mm"", ""focal_length_in35mm"": ""62 mm"", ""white_balance"": ""Manual"", ""metering_mode"": ""Multi-segment"", ""flash"": ""On, Return not detected"", ""pageid"": ""5687""}"
3188585148|70202166@N00|5687|Nikon D3|Nikon|70202166@N00_Nikon_5d0d5728.json|"{""id"": ""3188585148"", ""owner"": ""70202166@N00"", ""title"": ""DSC_1255"", ""realname"": """", ""ownername"": ""黑麵之路‧不由分說"", ""datetaken"": ""2009-01-10 14:51:41"", ""max_width"": 4256, ""max_height"": 2832, ""url_max"": ""https://live.staticflickr.com/3406/3188585148_e5f1c1916c_o.jpg"", ""max_width_2000"": 1363, ""max_height_2000"": 2048, ""url_max_2000"": ""https://live.staticflickr.com/3406/3188585148_ff4fb960e3_k.jpg"", ""flickr_page"": ""https://www.flickr.com/photos/70202166@N00/3188585148"", ""camera"": ""Nikon D3"", ""create_date"": ""2009:01:10 14:51:41"", ""lens_model"": """", ""iso"": ""400"", ""exposure_time"": ""1/125"", ""exposure_program"": ""Manual"", ""exposure_compensation"": ""-1/3"", ""aperture"": ""3.5"", ""focal_length"": ""70.0 mm"", ""focal_length_in35mm"": ""70 mm"", ""white_balance"": ""Manual"", ""metering_mode"": ""Multi-segment"", ""flash"": ""No Flash"", ""pageid"": ""5687""}"
3188534950|70202166@N00|5687|Nikon D3|Nikon|70202166@N00_Nikon_5d0d5728.json|"{""id"": ""3188534950"", ""owner"": ""70202166@N00"", ""title"": ""DSC_1248"", ""realname"": """", ""ownername"": ""黑麵之路‧不由分說"", ""datetaken"": ""2009-01-10 14:50:44"", ""max_width"": 4256, ""max_height"": 2832, ""url_max"": ""https://live.staticflickr.com/3519/3188534950_23c7d39f46_o.jpg"", ""max_width_2000"": 1363, ""max_height_2000"": 2048, ""url_max_2000"": ""https://live.staticflickr.com/3519/3188534950_f17fb9de63_k.jpg"", ""flickr_page"": ""https://www.flickr.com/photos/70202166@N00/3188534950"", ""camera"": ""Nikon D3"", ""create_date"": ""2009:01:10 14:50:44"", ""lens_model"": """", ""iso"": ""400"", ""exposure_time"": ""1/125"", ""exposure_program"": ""Manual"", ""exposure_compensation"": ""-1/3"", ""aperture"": ""3.5"", ""focal_length"": ""62.0 mm"", ""focal_length_in35mm"": ""62 mm"", ""white_balance"": ""Manual"", ""metering_mode"": ""Multi-segment"", ""flash"": ""On, Return not detected"", ""pageid"": ""5687""}"
3188603960|70202166@N00|5687|Nikon D3|Nikon|70202166@N00_Nikon_5d0d5728.json|"{""id"": ""3188603960"", ""owner"": ""70202166@N00"", ""title"": ""DSC_1258"", ""realname"": """", ""ownername"": ""黑麵之路‧不由分說"", ""datetaken"": ""2009-01-10 14:52:43"", ""max_width"": 4256, ""max_height"": 2832, ""url_max"": ""https://live.staticflickr.com/3465/3188603960_b965da4aa2_o.jpg"", ""max_width_2000"": 1363, ""max_height_2000"": 2048, ""url_max_2000"": ""https://live.staticflickr.com/3465/3188603960_c12f2d555e_k.jpg"", ""flickr_page"": ""https://www.flickr.com/photos/70202166@N00/3188603960"", ""camera"": ""Nikon D3"", ""create_date"": ""2009:01:10 14:52:43"", ""lens_model"": """", ""iso"": ""400"", ""exposure_time"": ""1/160"", ""exposure_program"": ""Manual"", ""exposure_compensation"": ""-1/3"", ""aperture"": ""3.5"", ""focal_length"": ""70.0 mm"", ""focal_length_in35mm"": ""70 mm"", ""white_balance"": ""Manual"", ""metering_mode"": ""Multi-segment"", ""flash"": ""On, Return not detected"", ""pageid"": ""5687""}"
3188591626|70202166@N00|5687|Nikon D3|Nikon|70202166@N00_Nikon_5d0d5728.json|"{""id"": ""3188591626"", ""owner"": ""70202166@N00"", ""title"": ""DSC_1256"", ""realname"": """", ""ownername"": ""黑麵之路‧不由分說"", ""datetaken"": ""2009-01-10 14:52:01"", ""max_width"": 4256, ""max_height"": 2832, ""url_max"": ""https://live.staticflickr.com/3305/3188591626_af1e979040_o.jpg"", ""max_width_2000"": 1363, ""max_height_2000"": 2048, ""url_max_2000"": ""https://live.staticflickr.com/3305/3188591626_a56afa57f6_k.jpg"", ""flickr_page"": ""https://www.flickr.com/photos/70202166@N00/3188591626"", ""camera"": ""Nikon D3"", ""create_date"": ""2009:01:10 14:52:01"", ""lens_model"": """", ""iso"": ""400"", ""exposure_time"": ""1/125"", ""exposure_program"": ""Manual"", ""exposure_compensation"": ""-1/3"", ""aperture"": ""3.5"", ""focal_length"": ""70.0 mm"", ""focal_length_in35mm"": ""70 mm"", ""white_balance"": ""Manual"", ""metering_mode"": ""Multi-segment"", ""flash"": ""On, Return not detected"", ""pageid"": ""5687""}"
3188636072|70202166@N00|5687|Nikon D3|Nikon|70202166@N00_Nikon_5d0d5728.json|"{""id"": ""3188636072"", ""owner"": ""70202166@N00"", ""title"": ""DSC_1263"", ""realname"": """", ""ownername"": ""黑麵之路‧不由分說"", ""datetaken"": ""2009-01-10 14:53:37"", ""max_width"": 4256, ""max_height"": 2832, ""url_max"": ""https://live.staticflickr.com/3369/3188636072_652f7af5dd_o.jpg"", ""max_width_2000"": 1363, ""max_height_2000"": 2048, ""url_max_2000"": ""https://live.staticflickr.com/3369/3188636072_c7a1c57d54_k.jpg"", ""flickr_page"": ""https://www.flickr.com/photos/70202166@N00/3188636072"", ""camera"": ""Nikon D3"", ""create_date"": ""2009:01:10 14:53:37"", ""lens_model"": """", ""iso"": ""400"", ""exposure_time"": ""1/125"", ""exposure_program"": ""Manual"", ""exposure_compensation"": ""-1/3"", ""aperture"": ""3.5"", ""focal_length"": ""56.0 mm"", ""focal_length_in35mm"": ""56 mm"", ""white_balance"": ""Manual"", ""metering_mode"": ""Multi-segment"", ""flash"": ""On, Return not detected"", ""pageid"": ""5687""}"
3188623296|70202166@N00|5687|Nikon D3|Nikon|70202166@N00_Nikon_5d0d5728.json|"{""id"": ""3188623296"", ""owner"": ""70202166@N00"", ""title"": ""DSC_1261"", ""realname"": """", ""ownername"": ""黑麵之路‧不由分說"", ""datetaken"": ""2009-01-10 14:53:14"", ""max_width"": 4256, ""max_height"": 2832, ""url_max"": ""https://live.staticflickr.com/3417/3188623296_18234394ae_o.jpg"", ""max_width_2000"": 1363, ""max_height_2000"": 2048, ""url_max_2000"": ""https://live.staticflickr.com/3417/3188623296_eddb6a2e98_k.jpg"", ""flickr_page"": ""https://www.flickr.com/photos/70202166@N00/3188623296"", ""camera"": ""Nikon D3"", ""create_date"": ""2009:01:10 14:53:14"", ""lens_model"": """", ""iso"": ""400"", ""exposure_time"": ""1/125"", ""exposure_program"": ""Manual"", ""exposure_compensation"": ""-1/3"", ""aperture"": ""3.5"", ""focal_length"": ""58.0 mm"", ""focal_length_in35mm"": ""58 mm"", ""white_balance"": ""Manual"", ""metering_mode"": ""Multi-segment"", ""flash"": ""No Flash"", ""pageid"": ""5687""}"
3188629842|70202166@N00|5687|Nikon D3|Nikon|70202166@N00_Nikon_5d0d5728.json|"{""id"": ""3188629842"", ""owner"": ""70202166@N00"", ""title"": ""DSC_1262"", ""realname"": """", ""ownername"": ""黑麵之路‧不由分說"", ""datetaken"": ""2009-01-10 14:53:26"", ""max_width"": 4256, ""max_height"": 2832, ""url_max"": ""https://live.staticflickr.com/3110/3188629842_7e6251f614_o.jpg"", ""max_width_2000"": 1363, ""max_height_2000"": 2048, ""url_max_2000"": ""https://live.staticflickr.com/3110/3188629842_c9d981d376_k.jpg"", ""flickr_page"": ""https://www.flickr.com/photos/70202166@N00/3188629842"", ""camera"": ""Nikon D3"", ""create_date"": ""2009:01:10 14:53:26"", ""lens_model"": """", ""iso"": ""400"", ""exposure_time"": ""1/125"", ""exposure_program"": ""Manual"", ""exposure_compensation"": ""-1/3"", ""aperture"": ""3.5"", ""focal_length"": ""56.0 mm"", ""focal_length_in35mm"": ""56 mm"", ""white_balance"": ""Manual"", ""metering_mode"": ""Multi-segment"", ""flash"": ""On, Return not detected"", ""pageid"": ""5687""}"
3187542905|70202166@N00|5688|Nikon D3|Nikon|70202166@N00_Nikon_5d0d5728.json|"{""id"": ""3187542905"", ""owner"": ""70202166@N00"", ""title"": ""DSC_1177"", ""realname"": """", ""ownername"": ""黑麵之路‧不由分說"", ""datetaken"": ""2009-01-10 14:14:27"", ""max_width"": 4256, ""max_height"": 2832, ""url_max"": ""https://live.staticflickr.com/3465/3187542905_7c5a2ca62b_o.jpg"", ""max_width_2000"": 1363, ""max_height_2000"": 2048, ""url_max_2000"": ""https://live.staticflickr.com/3465/3187542905_37b18f5c58_k.jpg"", ""flickr_page"": ""https://www.flickr.com/photos/70202166@N00/3187542905"", ""camera"": ""Nikon D3"", ""create_date"": ""2009:01:10 14:14:27"", ""lens_model"": """", ""iso"": ""200"", ""exposure_time"": ""1/320"", ""exposure_program"": ""Manual"", ""exposure_compensation"": ""0"", ""aperture"": ""4.5"", ""focal_length"": ""35.0 mm"", ""focal_length_in35mm"": ""35 mm"", ""white_balance"": ""Manual"", ""metering_mode"": ""Multi-segment"", ""flash"": ""On, Return not detected"", ""pageid"": ""5688""}"
3187519809|70202166@N00|5688|Nikon D3|Nikon|70202166@N00_Nikon_5d0d5728.json|"{""id"": ""3187519809"", ""owner"": ""70202166@N00"", ""title"": ""DSC_1170"", ""realname"": """", ""ownername"": ""黑麵之路‧不由分說"", ""datetaken"": ""2009-01-10 14:12:19"", ""max_width"": 4256, ""max_height"": 2832, ""url_max"": ""https://live.staticflickr.com/3526/3187519809_31d74275fb_o.jpg"", ""max_width_2000"": 1363, ""max_height_2000"": 2048, ""url_max_2000"": ""https://live.staticflickr.com/3526/3187519809_fc2cd623b6_k.jpg"", ""flickr_page"": ""https://www.flickr.com/photos/70202166@N00/3187519809"", ""camera"": ""Nikon D3"", ""create_date"": ""2009:01:10 14:12:19"", ""lens_model"": """", ""iso"": ""200"", ""exposure_time"": ""1/200"", ""exposure_program"": ""Manual"", ""exposure_compensation"": ""0"", ""aperture"": ""5.0"", ""focal_length"": ""105.0 mm"", ""focal_length_in35mm"": ""105 mm"", ""white_balance"": ""Manual"", ""metering_mode"": ""Multi-segment"", ""flash"": ""On, Return not detected"", ""pageid"": ""5688""}"
3187610953|70202166@N00|5688|Nikon D3|Nikon|70202166@N00_Nikon_5d0d5728.json|"{""id"": ""3187610953"", ""owner"": ""70202166@N00"", ""title"": ""DSC_1232"", ""realname"": """", ""ownername"": ""黑麵之路‧不由分說"", ""datetaken"": ""2009-01-10 14:46:37"", ""max_width"": 4256, ""max_height"": 2832, ""url_max"": ""https://live.staticflickr.com/3514/3187610953_f1706f81c3_o.jpg"", ""max_width_2000"": 1363, ""max_height_2000"": 2048, ""url_max_2000"": ""https://live.staticflickr.com/3514/3187610953_b94754e0be_k.jpg"", ""flickr_page"": ""https://www.flickr.com/photos/70202166@N00/3187610953"", ""camera"": ""Nikon D3"", ""create_date"": ""2009:01:10 14:46:37"", ""lens_model"": """", ""iso"": ""400"", ""exposure_time"": ""1/125"", ""exposure_program"": ""Manual"", ""exposure_compensation"": ""-1/3"", ""aperture"": ""3.5"", ""focal_length"": ""70.0 mm"", ""focal_length_in35mm"": ""70 mm"", ""white_balance"": ""Manual"", ""metering_mode"": ""Multi-segment"", ""flash"": ""On, Return not detected"", ""pageid"": ""5688""}"
3188314604|70202166@N00|5688|Nikon D3|Nikon|70202166@N00_Nikon_5d0d5728.json|"{""id"": ""3188314604"", ""owner"": ""70202166@N00"", ""title"": ""DSC_1644"", ""realname"": """", ""ownername"": ""黑麵之路‧不由分說"", ""datetaken"": ""2009-01-10 16:48:27"", ""max_width"": 4256, ""max_height"": 2832, ""url_max"": ""https://live.staticflickr.com/3412/3188314604_dbed8f2af8_o.jpg"", ""max_width_2000"": 1363, ""max_height_2000"": 2048, ""url_max_2000"": ""https://live.staticflickr.com/3412/3188314604_976ca42a19_k.jpg"", ""flickr_page"": ""https://www.flickr.com/photos/70202166@N00/3188314604"", ""camera"": ""Nikon D3"", ""create_date"": ""2009:01:10 16:48:27"", ""lens_model"": """", ""iso"": ""200"", ""exposure_time"": ""1/125"", ""exposure_program"": ""Manual"", ""exposure_compensation"": ""-1/3"", ""aperture"": ""4.5"", ""focal_length"": ""105.0 mm"", ""focal_length_in35mm"": ""105 mm"", ""white_balance"": ""Manual"", ""metering_mode"": ""Multi-segment"", ""flash"": ""On, Return not detected"", ""pageid"": ""5688""}"
3187576999|70202166@N00|5688|Nikon D3|Nikon|70202166@N00_Nikon_5d0d5728.json|"{""id"": ""3187576999"", ""owner"": ""70202166@N00"", ""title"": ""DSC_1204"", ""realname"": """", ""ownername"": ""黑麵之路‧不由分說"", ""datetaken"": ""2009-01-10 14:22:48"", ""max_width"": 4256, ""max_height"": 2832, ""url_max"": ""https://live.staticflickr.com/3471/3187576999_ec9b88b46f_o.jpg"", ""max_width_2000"": 1363, ""max_height_2000"": 2048, ""url_max_2000"": ""https://live.staticflickr.com/3471/3187576999_4e23a67678_k.jpg"", ""flickr_page"": ""https://www.flickr.com/photos/70202166@N00/3187576999"", ""camera"": ""Nikon D3"", ""create_date"": ""2009:01:10 14:22:48"", ""lens_model"": """", ""iso"": ""200"", ""exposure_time"": ""1/160"", ""exposure_program"": ""Manual"", ""exposure_compensation"": ""0"", ""aperture"": ""5.0"", ""focal_length"": ""35.0 mm"", ""focal_length_in35mm"": ""35 mm"", ""white_balance"": ""Manual"", ""metering_mode"": ""Multi-segment"", ""flash"": ""On, Return not detected"", ""pageid"": ""5688""}"
3187549827|70202166@N00|5688|Nikon D3|Nikon|70202166@N00_Nikon_5d0d5728.json|"{""id"": ""3187549827"", ""owner"": ""70202166@N00"", ""title"": ""DSC_1184"", ""realname"": """", ""ownername"": ""黑麵之路‧不由分說"", ""datetaken"": ""2009-01-10 14:18:21"", ""max_width"": 4256, ""max_height"": 2832, ""url_max"": ""https://live.staticflickr.com/3267/3187549827_c228e16c99_o.jpg"", ""max_width_2000"": 1363, ""max_height_2000"": 2048, ""url_max_2000"": ""https://live.staticflickr.com/3267/3187549827_4ac09e296e_k.jpg"", ""flickr_page"": ""https://www.flickr.com/photos/70202166@N00/3187549827"", ""camera"": ""Nikon D3"", ""create_date"": ""2009:01:10 14:18:21"", ""lens_model"": """", ""iso"": ""200"", ""exposure_time"": ""1/250"", ""exposure_program"": ""Manual"", ""exposure_compensation"": ""0"", ""aperture"": ""4.5"", ""focal_length"": ""105.0 mm"", ""focal_length_in35mm"": ""105 mm"", ""white_balance"": ""Manual"", ""metering_mode"": ""Multi-segment"", ""flash"": ""On, Return not detected"", ""pageid"": ""5688""}"
3187484835|70202166@N00|5688|Nikon D3|Nikon|70202166@N00_Nikon_5d0d5728.json|"{""id"": ""3187484835"", ""owner"": ""70202166@N00"", ""title"": ""DSC_1648"", ""realname"": """", ""ownername"": ""黑麵之路‧不由分說"", ""datetaken"": ""2009-01-10 16:48:42"", ""max_width"": 4256, ""max_height"": 2832, ""url_max"": ""https://live.staticflickr.com/3264/3187484835_2ff95ff6b8_o.jpg"", ""max_width_2000"": 1363, ""max_height_2000"": 2048, ""url_max_2000"": ""https://live.staticflickr.com/3264/3187484835_31f5de1771_k.jpg"", ""flickr_page"": ""https://www.flickr.com/photos/70202166@N00/3187484835"", ""camera"": ""Nikon D3"", ""create_date"": ""2009:01:10 16:48:42"", ""lens_model"": """", ""iso"": ""200"", ""exposure_time"": ""1/125"", ""exposure_program"": ""Manual"", ""exposure_compensation"": ""-1/3"", ""aperture"": ""3.2"", ""focal_length"": ""105.0 mm"", ""focal_length_in35mm"": ""105 mm"", ""white_balance"": ""Manual"", ""metering_mode"": ""Multi-segment"", ""flash"": ""On, Return not detected"", ""pageid"": ""5688""}"
3187528013|70202166@N00|5688|Nikon D3|Nikon|70202166@N00_Nikon_5d0d5728.json|"{""id"": ""3187528013"", ""owner"": ""70202166@N00"", ""title"": ""DSC_1171"", ""realname"": """", ""ownername"": ""黑麵之路‧不由分說"", ""datetaken"": ""2009-01-10 14:12:29"", ""max_width"": 4256, ""max_height"": 2832, ""url_max"": ""https://live.staticflickr.com/3407/3187528013_e8934607a9_o.jpg"", ""max_width_2000"": 1363, ""max_height_2000"": 2048, ""url_max_2000"": ""https://live.staticflickr.com/3407/3187528013_63bf8aa352_k.jpg"", ""flickr_page"": ""https://www.flickr.com/photos/70202166@N00/3187528013"", ""camera"": ""Nikon D3"", ""create_date"": ""2009:01:10 14:12:29"", ""lens_model"": """", ""iso"": ""200"", ""exposure_time"": ""1/200"", ""exposure_program"": ""Manual"", ""exposure_compensation"": ""0"", ""aperture"": ""5.0"", ""focal_length"": ""105.0 mm"", ""focal_length_in35mm"": ""105 mm"", ""white_balance"": ""Manual"", ""metering_mode"": ""Multi-segment"", ""flash"": ""On, Return not detected"", ""pageid"": ""5688""}"
3187624603|70202166@N00|5688|Nikon D3|Nikon|70202166@N00_Nikon_5d0d5728.json|"{""id"": ""3187624603"", ""owner"": ""70202166@N00"", ""title"": ""DSC_1234"", ""realname"": """", ""ownername"": ""黑麵之路‧不由分說"", ""datetaken"": ""2009-01-10 14:47:49"", ""max_width"": 4256, ""max_height"": 2832, ""url_max"": ""https://live.staticflickr.com/3458/3187624603_db9c6ce84c_o.jpg"", ""max_width_2000"": 1363, ""max_height_2000"": 2048, ""url_max_2000"": ""https://live.staticflickr.com/3458/3187624603_d5e2a66e8c_k.jpg"", ""flickr_page"": ""https://www.flickr.com/photos/70202166@N00/3187624603"", ""camera"": ""Nikon D3"", ""create_date"": ""2009:01:10 14:47:49"", ""lens_model"": """", ""iso"": ""400"", ""exposure_time"": ""1/125"", ""exposure_program"": ""Manual"", ""exposure_compensation"": ""-1/3"", ""aperture"": ""3.5"", ""focal_length"": ""70.0 mm"", ""focal_length_in35mm"": ""70 mm"", ""white_balance"": ""Manual"", ""metering_mode"": ""Multi-segment"", ""flash"": ""On, Return not detected"", ""pageid"": ""5688""}"
3187603821|70202166@N00|5688|Nikon D3|Nikon|70202166@N00_Nikon_5d0d5728.json|"{""id"": ""3187603821"", ""owner"": ""70202166@N00"", ""title"": ""DSC_1231"", ""realname"": """", ""ownername"": ""黑麵之路‧不由分說"", ""datetaken"": ""2009-01-10 14:46:17"", ""max_width"": 4256, ""max_height"": 2832, ""url_max"": ""https://live.staticflickr.com/3255/3187603821_4ee53ed047_o.jpg"", ""max_width_2000"": 1363, ""max_height_2000"": 2048, ""url_max_2000"": ""https://live.staticflickr.com/3255/3187603821_c0cf32a1ea_k.jpg"", ""flickr_page"": ""https://www.flickr.com/photos/70202166@N00/3187603821"", ""camera"": ""Nikon D3"", ""create_date"": ""2009:01:10 14:46:17"", ""lens_model"": """", ""iso"": ""400"", ""exposure_time"": ""1/125"", ""exposure_program"": ""Manual"", ""exposure_compensation"": ""-1/3"", ""aperture"": ""3.5"", ""focal_length"": ""70.0 mm"", ""focal_length_in35mm"": ""70 mm"", ""white_balance"": ""Manual"", ""metering_mode"": ""Multi-segment"", ""flash"": ""On, Return not detected"", ""pageid"": ""5688""}"
3188424260|70202166@N00|5688|Nikon D3|Nikon|70202166@N00_Nikon_5d0d5728.json|"{""id"": ""3188424260"", ""owner"": ""70202166@N00"", ""title"": ""DSC_1206"", ""realname"": """", ""ownername"": ""黑麵之路‧不由分說"", ""datetaken"": ""2009-01-10 14:23:04"", ""max_width"": 4256, ""max_height"": 2832, ""url_max"": ""https://live.staticflickr.com/3118/3188424260_96db452878_o.jpg"", ""max_width_2000"": 1363, ""max_height_2000"": 2048, ""url_max_2000"": ""https://live.staticflickr.com/3118/3188424260_177489112f_k.jpg"", ""flickr_page"": ""https://www.flickr.com/photos/70202166@N00/3188424260"", ""camera"": ""Nikon D3"", ""create_date"": ""2009:01:10 14:23:04"", ""lens_model"": """", ""iso"": ""200"", ""exposure_time"": ""1/160"", ""exposure_program"": ""Manual"", ""exposure_compensation"": ""0"", ""aperture"": ""5.0"", ""focal_length"": ""35.0 mm"", ""focal_length_in35mm"": ""35 mm"", ""white_balance"": ""Manual"", ""metering_mode"": ""Multi-segment"", ""flash"": ""On, Return not detected"", ""pageid"": ""5688""}"
3188320524|70202166@N00|5688|Nikon D3|Nikon|70202166@N00_Nikon_5d0d5728.json|"{""id"": ""3188320524"", ""owner"": ""70202166@N00"", ""title"": ""DSC_1646"", ""realname"": """", ""ownername"": ""黑麵之路‧不由分說"", ""datetaken"": ""2009-01-10 16:48:39"", ""max_width"": 4256, ""max_height"": 2832, ""url_max"": ""https://live.staticflickr.com/3455/3188320524_686c117fd3_o.jpg"", ""max_width_2000"": 1363, ""max_height_2000"": 2048, ""url_max_2000"": ""https://live.staticflickr.com/3455/3188320524_6d6b332ce3_k.jpg"", ""flickr_page"": ""https://www.flickr.com/photos/70202166@N00/3188320524"", ""camera"": ""Nikon D3"", ""create_date"": ""2009:01:10 16:48:39"", ""lens_model"": """", ""iso"": ""200"", ""exposure_time"": ""1/125"", ""exposure_program"": ""Manual"", ""exposure_compensation"": ""-1/3"", ""aperture"": ""3.2"", ""focal_length"": ""105.0 mm"", ""focal_length_in35mm"": ""105 mm"", ""white_balance"": ""Manual"", ""metering_mode"": ""Multi-segment"", ""flash"": ""On, Return not detected"", ""pageid"": ""5688""}"
3188345836|70202166@N00|5688|Nikon D3|Nikon|70202166@N00_Nikon_5d0d5728.json|"{""id"": ""3188345836"", ""owner"": ""70202166@N00"", ""title"": ""DSC_1167"", ""realname"": """", ""ownername"": ""黑麵之路‧不由分說"", ""datetaken"": ""2009-01-10 14:11:43"", ""max_width"": 4256, ""max_height"": 2832, ""url_max"": ""https://live.staticflickr.com/3432/3188345836_a3968d2989_o.jpg"", ""max_width_2000"": 1363, ""max_height_2000"": 2048, ""url_max_2000"": ""https://live.staticflickr.com/3432/3188345836_3c34e96602_k.jpg"", ""flickr_page"": ""https://www.flickr.com/photos/70202166@N00/3188345836"", ""camera"": ""Nikon D3"", ""create_date"": ""2009:01:10 14:11:43"", ""lens_model"": """", ""iso"": ""200"", ""exposure_time"": ""1/200"", ""exposure_program"": ""Manual"", ""exposure_compensation"": ""0"", ""aperture"": ""5.0"", ""focal_length"": ""105.0 mm"", ""focal_length_in35mm"": ""105 mm"", ""white_balance"": ""Manual"", ""metering_mode"": ""Multi-segment"", ""flash"": ""On, Return not detected"", ""pageid"": ""5688""}"
3188354466|70202166@N00|5688|Nikon D3|Nikon|70202166@N00_Nikon_5d0d5728.json|"{""id"": ""3188354466"", ""owner"": ""70202166@N00"", ""title"": ""DSC_1168"", ""realname"": """", ""ownername"": ""黑麵之路‧不由分說"", ""datetaken"": ""2009-01-10 14:11:58"", ""max_width"": 4256, ""max_height"": 2832, ""url_max"": ""https://live.staticflickr.com/3412/3188354466_dec4291c48_o.jpg"", ""max_width_2000"": 1363, ""max_height_2000"": 2048, ""url_max_2000"": ""https://live.staticflickr.com/3412/3188354466_6a08cb284a_k.jpg"", ""flickr_page"": ""https://www.flickr.com/photos/70202166@N00/3188354466"", ""camera"": ""Nikon D3"", ""create_date"": ""2009:01:10 14:11:58"", ""lens_model"": """", ""iso"": ""200"", ""exposure_time"": ""1/200"", ""exposure_program"": ""Manual"", ""exposure_compensation"": ""0"", ""aperture"": ""5.0"", ""focal_length"": ""105.0 mm"", ""focal_length_in35mm"": ""105 mm"", ""white_balance"": ""Manual"", ""metering_mode"": ""Multi-segment"", ""flash"": ""On, Return not detected"", ""pageid"": ""5688""}"
3188333296|70202166@N00|5688|Nikon D3|Nikon|70202166@N00_Nikon_5d0d5728.json|"{""id"": ""3188333296"", ""owner"": ""70202166@N00"", ""title"": ""DSC_1650"", ""realname"": """", ""ownername"": ""黑麵之路‧不由分說"", ""datetaken"": ""2009-01-10 16:48:43"", ""max_width"": 4256, ""max_height"": 2832, ""url_max"": ""https://live.staticflickr.com/3425/3188333296_32a1c64718_o.jpg"", ""max_width_2000"": 1363, ""max_height_2000"": 2048, ""url_max_2000"": ""https://live.staticflickr.com/3425/3188333296_fa2c18c56b_k.jpg"", ""flickr_page"": ""https://www.flickr.com/photos/70202166@N00/3188333296"", ""camera"": ""Nikon D3"", ""create_date"": ""2009:01:10 16:48:43"", ""lens_model"": """", ""iso"": ""200"", ""exposure_time"": ""1/125"", ""exposure_program"": ""Manual"", ""exposure_compensation"": ""-1/3"", ""aperture"": ""3.2"", ""focal_length"": ""105.0 mm"", ""focal_length_in35mm"": ""105 mm"", ""white_balance"": ""Manual"", ""metering_mode"": ""Multi-segment"", ""flash"": ""On, Return not detected"", ""pageid"": ""5688""}"
3188337824|70202166@N00|5688|Nikon D3|Nikon|70202166@N00_Nikon_5d0d5728.json|"{""id"": ""3188337824"", ""owner"": ""70202166@N00"", ""title"": ""DSC_1653"", ""realname"": """", ""ownername"": ""黑麵之路‧不由分說"", ""datetaken"": ""2009-01-10 16:49:00"", ""max_width"": 4256, ""max_height"": 2832, ""url_max"": ""https://live.staticflickr.com/3490/3188337824_21171c26ff_o.jpg"", ""max_width_2000"": 1363, ""max_height_2000"": 2048, ""url_max_2000"": ""https://live.staticflickr.com/3490/3188337824_fe4248d2d7_k.jpg"", ""flickr_page"": ""https://www.flickr.com/photos/70202166@N00/3188337824"", ""camera"": ""Nikon D3"", ""create_date"": ""2009:01:10 16:49:00"", ""lens_model"": """", ""iso"": ""200"", ""exposure_time"": ""1/125"", ""exposure_program"": ""Manual"", ""exposure_compensation"": ""-1/3"", ""aperture"": ""3.2"", ""focal_length"": ""105.0 mm"", ""focal_length_in35mm"": ""105 mm"", ""white_balance"": ""Manual"", ""metering_mode"": ""Multi-segment"", ""flash"": ""On, Return not detected"", ""pageid"": ""5688""}"
